Gene	Human_HIP_Hs9 Human_ACC_Hs1 Human_CB_Hs1 Human_DPFC_Hs1 Human_PMC_Hs1 Human_STR_Hs1 Human_V1C_Hs1 Human_CB_Hs3 Human_DPFC_Hs3 Human_PMC_Hs3 Human_HIP_Hs4 Human_CB_Hs6 Human_DPFC_Hs6 Human_HIP_Hs6 Human_PMC_Hs6 Human_V1C_Hs6 Human_VPFC_Hs6 Human_HIP_Hs7 Human_STR_Hs8 Human_ACC_Hs6 Human_STR_Hs6 Human_ACC_Hs8 Human_CB_Hs8 Human_DPFC_Hs8 Human_PMC_Hs8 Human_V1C_Hs8 Human_VPFC_Hs8 Human_VPFC_Hs2 Human_PMC_Hs2 Human_V1C_Hs2 Human_ACC_Hs2 Human_STR_Hs2 Human_CB_Hs2 Human_DPFC_Hs5 Human_VPFC_Hs5 Human_PMC_Hs5 Human_V1C_Hs5 Human_ACC_Hs5 Human_STR_Hs5 Human_DPFC_Hs2 Chimpanzee_ACC_KENNY Chimpanzee_CB_KENNY Chimpanzee_DPFC_KENNY Chimpanzee_HIP_KENNY Chimpanzee_PMC_KENNY Chimpanzee_STR_KENNY Chimpanzee_V1C_KENNY Chimpanzee_VPFC_KENNY Chimpanzee_ACC_REIKO Chimpanzee_CB_REIKO Chimpanzee_DPFC_REIKO Chimpanzee_HIP_REIKO Chimpanzee_PMC_REIKO Chimpanzee_STR_REIKO Chimpanzee_V1C_REIKO Chimpanzee_VPFC_REIKO Chimpanzee_DPFC_GENKI Chimpanzee_VPFC_GENKI Chimpanzee_PMC_GENKI Chimpanzee_V1C_GENKI Chimpanzee_STR_GENKI Chimpanzee_DPFC_MAYUMI Chimpanzee_VPFC_MAYUMI Chimpanzee_PMC_MAYUMI Chimpanzee_V1C_MAYUMI Chimpanzee_ACC_MAYUMI Chimpanzee_STR_MAYUMI Chimpanzee_HIP_MAYUMI Chimpanzee_CB_MAYUMI Chimpanzee_DPFC_YOSHIO Chimpanzee_VPFC_YOSHIO Chimpanzee_PMC_YOSHIO Chimpanzee_ACC_YOSHIO Chimpanzee_STR_YOSHIO Chimpanzee_HIP_YOSHIO Chimpanzee_CB_YOSHIO Chimpanzee_DPFC_IYO Chimpanzee_VPFC_IYO Chimpanzee_V1C_IYO Chimpanzee_ACC_IYO Chimpanzee_STR_IYO Chimpanzee_HIP_IYO Chimpanzee_CB_IYO Gorilla_ACC_Sakura Gorilla_CB_Sakura Gorilla_DPFC_Sakura Gorilla_HIP_Sakura Gorilla_PMC_Sakura Gorilla_STR_Sakura Gorilla_V1C_Sakura Gorilla_VPFC_Sakura Gorilla_DPFC_GON Gorilla_VPFC_GON Gorilla_PMC_GON Gorilla_V1C_GON Gorilla_ACC_GON Gorilla_STR_GON Gorilla_HIP_GON Gorilla_CB_GON Gibbon_DPFC_DAICHI Gibbon_VPFC_DAICHI Gibbon_PMC_DAICHI Gibbon_V1C_DAICHI Gibbon_ACC_DAICHI Gibbon_STR_DAICHI Gibbon_HIP_DAICHI Gibbon_CB_DAICHI
ENSG00000000003 4.7 7.3 3.9 5.5 9 7.9 5.5 5.5 10.5 8.9 7.7 3.9 4.1 41.9 8.2 5 7.1 17.2 1.8 7.9 5.2 8.2 1.6 2.7 2.3 1.5 4.5 7.3 25.6 7.9 4.1 8.7 4.2 5.8 4.7 5.8 5.4 7.7 7 5.8 1.8 1.1 2.9 4.5 2.3 5.2 2.1 1.8 3.7 0.3 3.5 5.8 3.1 9.6 1.8 3.6 5.8 6.7 7.9 3.1 4 3.3 2.1 2.1 1.9 4.8 6.4 2.8 0.6 2.3 3.4 5.3 6.1 2.9 6.1 3.4 4 4.1 4.2 7.7 8.9 4.2 1.5 5.3 2.6 4.8 9 4.8 12.3 5.9 4 6 5.7 3.5 3.3 4.5 2.3 4.6 0.9 3.8 2.7 2.5 1.2 2.8 3.6 1.2 2.2
ENSG00000000005 0.1 0.1 0 0.1 0 0 0.1 0 0 0.2 0.4 0 0.1 0.2 0.2 0.3 0 0.2 0 0.2 0 0.2 0 0.1 0.1 0.2 0.1 0.1 0.1 0.1 0.1 0.1 0.1 0.2 0.5 0.1 0 0.5 0.1 0.2 0 0.1 0.3 0.1 0 0.1 0 0.1 0 0 0 0.4 0.2 0.2 0 0.4 0 0 0.2 0.4 0 0.1 0.3 0.1 0 0.1 0.4 0 0.5 0.1 0 0 0.2 0.1 0 0.1 0 0 0.4 0 0.2 0 0 0 0 0 0 0.4 0.4 0 0 0.3 0.3 0.6 0.3 0.1 0 0.4 0 0.2 0 0 0 0 0 0 0
ENSG00000000419 28.1 28 31 35.8 24.1 24.4 21.3 32.4 33.7 29 42.3 31.4 42.3 30.6 46.7 41.6 41.4 31.1 34.1 32 27 53.9 35.3 34.3 42.5 41.7 43 48.5 57.4 41.2 43.1 35.4 37.9 42.2 48.1 39.1 38.8 41.1 32.8 43.7 19 16.2 10.9 25.4 16 20.6 13 31.2 17.3 18.5 19.6 26.4 28.3 21.6 21.9 16.4 31.3 31.1 32.9 51.3 25.1 37.3 40.6 29.4 30.8 34.4 25 27.8 28.8 35.7 25.3 27.1 30.7 35.9 28.2 38.3 31.7 28 27.6 30 20.1 27.1 30.1 22.4 13.5 25.3 22.4 20.1 19.7 33.6 13.5 17.7 15.6 16.3 18.4 14.6 14.4 13.8 19.9 26.6 35.2 26.5 26.6 32.5 35.5 31.6 41.1
ENSG00000000457 1.9 1.9 2.5 1.7 2.5 1.9 1.8 2.6 1.3 1.6 1.2 2.1 1.5 1.9 1.9 1.5 1.3 1.8 1.9 1.4 1.3 1.7 3.2 2.1 1.9 2.5 1.8 1.8 2 1.4 1.9 2 2.4 1.9 1.9 1.7 1.8 2 1.9 2 1.8 2.4 1 1.2 1.7 1.7 1 2.2 1.2 3.1 1.7 1.5 2.2 2.5 1.8 1 2.7 2.4 2.2 1.4 2.3 2.3 3.6 2.5 2.9 3.1 2.2 2.6 5.4 2.6 2.2 1.5 1.7 1.4 2 3 1.5 2 1.6 1.3 2 2.3 5.6 1.8 4.1 2.4 2 2.4 1.4 2.4 1.8 2.7 2.5 2.2 3.3 2 2.3 2.4 3.7 1.9 2.4 1.7 2.2 2 2.2 3.7 3.5
ENSG00000000460 0.7 0.6 1.4 1.1 1.6 0.8 0.6 1 0.5 0.6 0.6 1.6 0.7 0.5 0.4 0.6 0.4 0.9 0.7 0.4 0.5 0.7 1.6 0.6 0.6 1 0.4 0.5 0.9 0.5 0.5 0.9 1.4 0.6 0.4 0.7 1 0.7 0.8 0.9 0.3 0.3 0.2 0.4 0.3 0.5 0.2 0.3 0.6 0.8 0.1 0.2 0.3 0.7 0.3 0.2 0.8 1 0.7 0.3 0.5 0.4 0.8 0.7 0.4 0.5 0.8 1.1 1.4 0.9 0.9 0.6 0.5 0.7 0.8 1.1 0.9 0.4 0.4 0.3 0.8 0.8 1.7 0.3 1.3 0.5 0.5 0.9 0.5 0.5 0.6 0.6 0.6 0.9 0.8 0.8 0.6 0.8 1.3 0.8 0.7 1.2 1 1.8 1.4 1.1 0.8
ENSG00000000938 2.5 10.5 5.5 6.1 5.8 17.8 20.5 22 71.2 68 4.8 4.7 7.8 7.9 8.7 6 10.5 6.2 14 13.8 12.8 17.9 8.7 10.6 10.4 9.2 20.1 4.4 24.6 8.1 3.9 10.5 6.8 6.2 6.3 6.8 16 7.2 10.4 3.9 2.7 1.9 0.6 1.9 1.9 3.3 2.4 2.7 5.5 1.7 9 11.7 9.3 13.3 9.3 4.6 10.8 21.9 13.2 11 16.2 2.2 1.8 3 2.2 1.7 4.4 4.6 1.8 1.9 2.3 3.2 2.3 1.3 1.3 1.4 1.3 2.2 2.8 2.3 2.1 0.8 0.9 5.1 2.5 5.9 12.8 5.2 9.2 2.1 5.5 5.1 4.4 3.7 3.2 4.7 5.2 4.4 1.5 5.6 3.1 5.8 2.5 5.5 5.2 2.3 1.4
ENSG00000001036 6.4 6.8 7 6.2 11.9 9 8.5 6.5 9.7 8.5 7.7 6 4.4 26.5 7 6 7.6 8 8.9 6.2 7.8 7.6 6.4 5.2 5.5 5.4 6.9 7 17.3 9.6 5.5 9.6 6.4 6.2 6.2 6.1 9.7 6.7 8.3 7.3 4.1 3.5 2.7 7 4.4 4.5 4.6 3.3 2.2 2.4 2.3 3.3 2.6 3.9 3.5 3.3 8.8 7.8 9.5 7.1 10 3.8 3.6 4.9 4.8 4.2 4.3 8.2 5.5 6.8 5.4 3.9 3.6 7.1 5.6 3.3 6.8 4.3 5.5 6.1 9.2 7.8 5.6 2.5 3.2 2.5 4.1 3.3 5.1 1.3 2.2 0.7 1.1 1.7 1.1 1.6 0.7 1.2 2.5 3.4 3.4 1.8 2.2 3.1 4.8 4.1 4.2
ENSG00000001084 11.3 7.4 4.9 10.4 17.4 12.6 7.6 4.1 5.5 5.5 6 3.7 6.6 6.9 6.6 7.1 5.7 8.7 14.2 5 9 5.3 4.4 5.8 7.9 6.1 6.2 9.5 8.9 7.8 6.2 10.7 4.6 8.8 9.6 8.9 7.6 8.6 16.9 9.2 7 4.4 4.2 11.8 16.9 13.9 7.9 6.2 6.8 2.4 5.2 10.1 9.1 13.7 5.7 11.1 24.8 19.4 21.7 8.4 27.9 11.2 11.4 16.2 11.5 11.2 14 23.9 6.5 45.8 27.9 14.6 13.6 48.6 35.7 7.3 18.9 13.5 16.3 9.8 26.7 32.1 8.1 13 6.2 11.9 20.8 15.6 20.4 16.3 8.9 12.8 12.9 22.4 10.3 9.9 30.6 13.3 5.7 5.4 5.3 5.9 5.2 4.9 7 4.2 6.1
ENSG00000001167 10.5 6.2 8.4 8.8 14.2 10.9 8.7 7.3 18.6 19 11.9 8.6 7.1 9.5 5.3 8.7 7.2 11 9.6 6.1 9.8 10.1 9 9 9.5 8.4 8.5 8 7.3 8.5 7.5 9.7 8.4 7.2 6.8 8.1 9.8 8.1 12 8.9 13.9 15.2 16.1 19.7 27.6 23.3 23.1 12.6 18.6 13.6 15.6 17 16 17.4 17 19.1 29.1 32.4 27 16.2 39.2 11.9 11.6 12 11.6 13.8 17.4 23.2 13.5 28.4 27.1 28 20.3 43 35.2 17.6 21.8 21.3 27 21.5 30.8 32.7 18 7 5.9 5.8 8.3 8.6 8 6.4 5.7 7.7 7.3 7.1 7.1 8 8.6 7.1 6.1 5.1 6.4 5 6.4 5.8 6.1 5.9 7.5
ENSG00000001460 4.5 3.1 3.9 4 3.9 3 3 2.6 0.9 1.3 2.3 3.6 3.5 3.4 2.8 3.5 2.7 1.7 3.5 2.5 2.7 2.8 4.1 4.6 3.7 6.1 4 3.6 3 3.7 3.7 2.8 3.7 4.3 4.2 3.5 3.5 2.6 2.5 4.3 2.4 0.4 2.2 1.2 1.6 1.2 1.9 2.4 2.5 0.9 1.7 0.6 1.5 2.8 2.4 2.2 1.1 0.6 0.8 0.9 0.7 2.1 2.4 1.7 2.7 2.1 1.4 1.3 0.9 1 1.7 0.7 1.5 1.2 1.4 0.4 1.4 1.7 1.5 1.4 2.3 1.4 1 0.7 0.2 0.7 0.8 0.6 0.5 0.9 0.8 0.8 0.7 0.7 0.8 0.9 0.6 0.5 0.3 0.8 1 1.7 1.7 0.7 1.2 2 1.9
ENSG00000001461 11.1 4 8.8 6.1 14 8.5 4.1 8.1 4.8 4.8 5.4 11.1 3.2 3.5 1.3 3.8 2.2 7.5 8.2 1.3 5.3 1.9 12.4 7 6.9 7.2 1.9 2.9 0.7 2.5 3.7 6.1 6.5 6.1 4.4 6.1 5.4 3.4 11.7 4.7 11 14.8 9 17.1 26.4 14 20.3 10.7 16.4 10.2 10 16.6 9.5 16.9 17.1 25.5 19.2 18.4 13.5 5.8 29.4 5.6 9 9 9.5 8.2 7.1 19.4 16.1 25.5 19.6 12.2 6.7 41.2 16.5 12.4 11.9 10.9 12.9 4.3 26.5 30.3 15.3 4.1 12.9 2.5 4.7 3.6 3.4 3.9 3 2.9 2.8 2.7 1.8 2.2 2.9 2.4 8.3 2.4 3.2 3.5 2.4 3.2 2.6 6.7 4.2
ENSG00000001497 17.2 27.8 56.3 36.2 46 33.3 27.9 41.7 39 34.5 23.8 49 30.6 23 24.5 26 25 29.8 26.3 19.1 27.7 24.3 40.6 32 28 34.8 24.4 19.2 20.5 30.7 21 27.3 42.7 24.7 19.9 24.5 30.9 20.4 22.4 21.6 16.8 7.9 14.1 18.9 24.3 15.6 23 15.4 12.8 9.8 11.3 13.7 17.9 15.3 19.1 19.5 21.7 22.1 19.9 17.6 21.7 15.3 17.2 17 21.4 22.8 15.1 21.8 28.4 17.3 15 12.4 12.5 16.6 14.9 19.9 12.3 11.3 9 6.5 11.3 15.2 28.2 44.5 65.4 38.7 33.1 38.1 52.9 47.2 40.9 35.8 47 34.5 51.1 40.1 57.4 41.3 64.8 25.4 23.5 29.8 30.1 23.6 24 37.3 37.9
ENSG00000001561 26.6 14.3 7.3 18.2 33.7 18 11.2 10.3 12.5 10.4 14.4 10.4 16.1 11.7 12.4 15.1 11.8 21.3 23.9 7.6 10.7 21.9 11.6 16.7 24.3 15.3 15.8 28.3 13.6 17.9 22.9 18.7 11.1 22.8 18.3 20.8 20.4 23.9 33 26.5 10.7 22.1 5.9 14.1 30.3 24.2 7.8 15.3 17.5 9.2 20.3 25.9 26.1 37.1 14.1 23.8 65.7 37.1 50.2 28.5 57.1 18.1 27.4 37.8 19.9 27.6 16.6 85.9 21.2 70.7 46.1 33.5 23.9 92.8 51.2 17.7 42.1 32.1 32.9 23.8 58.8 74 23.3 14.7 9.1 12.9 15 15.6 13 11.7 10.2 20 18.5 21.3 14.1 19.9 24.4 10.3 8.9 6.5 8.1 7.4 6.2 7.9 7.2 5.9 10.2
ENSG00000001617 3.4 14.9 9.3 8.4 6.1 18.6 28.9 25.4 62.5 71.2 3.2 6.2 12.8 16.3 14.4 12.3 12.7 7.7 22.9 12.2 11.2 13.3 11.3 14.6 14.2 13.7 17.9 3.4 13.4 6.7 2.5 7.9 6.5 5.9 5.3 6.4 13.3 5.1 10.8 3 4.2 2.9 0.6 1.8 2.7 4.4 2.7 3.8 4.6 3.6 12.3 10.3 10.9 16.3 16 4.9 16.8 26 15.1 31.3 16.2 2.3 2.2 3.4 4.8 1.9 3.9 6.4 2.5 2.8 4.9 8.4 4.3 1.9 3.3 5.4 2.5 2.7 4.7 2.3 2.5 1.3 2.3 5.6 6.2 7.9 20 9.7 14 11.5 9.6 5.3 5.7 3 9.5 3.5 4.6 3.1 7.4 5.7 5.5 9.3 9.8 5.9 10.2 4.5 3.8
ENSG00000001626 1.1 0.5 0.2 1.3 3 1.2 0.6 0.3 0.4 0.1 0.9 0.2 0.3 0.3 0.1 0.4 0.2 1.2 1.3 0.2 0.8 0.3 0.4 0.4 0.6 0.6 0.3 0.5 0.6 0.8 0.4 1.3 0.2 0.5 0.6 0.4 0.6 0.4 1.7 0.8 0.9 0.2 0.6 0.8 1.7 1.4 0.3 0.7 0.6 0 0.3 0.6 0.7 1 0.3 0.6 2.9 1.7 2.2 0.7 2.1 1.2 2 1.3 1.6 1.8 1.1 2.5 0.6 3.8 1.9 1.3 0.9 0.5 1.8 0.7 1.3 0.9 0.9 0.5 1.9 2.5 0.6 0 0 0 0 0 0.1 0 0 0.5 0.5 0.5 0.6 0.2 1.5 0.7 0.3 0.1 0.1 0.1 0.1 0.2 0.9 0.3 0.4
ENSG00000001629 21.7 15.2 12.9 18.6 37.2 23.4 13.5 9.7 13 13.6 16.4 12.4 16 16 13.2 14.8 12.4 19.1 17.2 10.1 16.1 11.6 14 10.8 13.5 12.2 9.5 20.3 12 17.9 13.9 22.7 13.3 16.2 14.4 13.9 17.5 19.6 29.7 18.1 12.8 14.5 13 18 27.4 25.7 14.3 10.9 16.3 7.7 12.1 20.6 15.3 25.8 11.7 17.5 33.2 27.6 31 11.2 33.4 16 18 17.4 15.9 18.3 20.7 44.1 14.6 59.7 41.1 35.4 27.2 66.1 48.6 15.1 24 21.2 23.5 19.1 46.9 51.7 18.1 10.5 12.1 8.3 10.5 10.7 11.3 10.6 8.3 12.9 12.5 15.2 13.6 11 18.8 15.1 12.5 13.5 15.9 12.6 11.9 13.7 14.9 15.5 19.6
ENSG00000001630 0.6 0.2 0.5 0.6 0.3 0.4 0.5 0.4 0.1 0.1 1.1 0.8 0.4 1 1.5 1.1 1.2 0.8 0.4 0.7 0.7 0.5 0.4 0.7 0.6 0.6 1 0.5 0.4 0.2 0.4 0.1 0.2 0.4 0.4 0.5 0.3 0.3 0.1 0.4 0.6 0.3 0.7 0.2 1.4 0.2 0.7 0.8 0.3 0.4 0.4 0.5 0.6 0.3 0.4 0.5 1 0.5 0.6 1.3 0.3 0.5 0.6 0.4 0.8 0.6 0.2 0.6 0.3 0.6 0.5 0.5 0.1 0.3 0.5 0.2 0.2 0.3 0.3 0.1 0.3 0.2 0.3 1.9 0.6 0.4 1.2 0.9 0.8 1.1 1.2 0.2 0.1 0.5 0.1 0.3 0.3 0.3 0.5 0.2 0.1 0.4 0.2 0.1 0.4 0.1 0.2
ENSG00000001631 9 9 10.8 10.6 10.9 9 8.8 8.6 6.3 7.8 7.7 11.5 8.9 8.4 7.7 8 6.7 6.7 10.9 5.8 6.8 9.1 14.8 11.7 11.5 14.9 9.1 12.5 8.5 11.4 8.4 9.9 11.2 11.2 10.5 10.6 11.6 9.8 11.6 15.1 5.6 10.3 4 5 7.2 8 4.8 10.7 8.6 13.2 6.6 4.8 10.5 13 9 7 11.2 8 12.1 9.3 9.9 11.6 12.7 11.1 17.7 12.6 8.4 11 16.2 17.9 14.2 11.9 11.5 14.5 12.6 17.6 9 11 10.1 7.7 12 11.6 20.2 12.2 20.8 14.9 11.5 14.4 10.9 15.3 13.5 24.6 25.5 19.2 31.8 21.1 25.6 15.6 31.4 11.5 12.6 11.7 12.6 12.4 14.6 19.9 18.1
ENSG00000002016 5 9.7 10.8 11.6 21.2 12.2 8.4 6.5 3 5.5 4.1 10.9 8.8 5.4 8.4 10.2 6.6 8 6.7 5.2 9 2.5 8.9 6.2 5.9 7.5 4.1 4.7 4.5 8.7 3.9 8.2 8.4 6.6 6.1 6.5 8.4 5.8 10 6.5 3.7 2.7 2.4 5.4 5 4.7 3 3.9 2.7 3.4 2.5 2.5 3.3 4.4 2.2 2.8 5.6 4.2 4 2.2 3.7 3.2 5 4.3 5.4 5 4.3 3.2 6.2 6.3 4.5 4.9 3.5 3.2 4.8 5.8 2.4 2.6 2.4 3.3 2.8 4.3 6.7 3.6 3.1 2.4 2.2 3.7 3.8 3.1 3.9 1.9 2.8 3 4.5 3.3 4 4.4 4.3 5.4 5.2 4.9 5.7 7.7 6.7 8.9 6.8
ENSG00000002079 0.1 0.2 0.1 0.1 0.5 0.2 0.1 0.2 0.5 0.4 0.2 0.1 0.1 0.1 0 0.2 0.1 0.2 0.1 0.1 0.1 0.1 0 0.1 0.1 0.2 0.1 0 0 0.1 0.1 0 0.1 0.1 0.2 0.1 0.2 0.1 0.2 0.1 0.1 0.1 0 0.1 0.1 0.2 0.2 0 0 0.2 0.1 0.1 0.2 0.1 0.1 0.1 0.1 0.1 0.1 0.1 0.1 0.1 0.3 0.1 0.2 0.1 0.1 0.3 0.1 0.1 0.1 0.1 0.1 0 0 0.1 0 0.1 0.1 0 0.1 0 0.1 0.1 0.1 0 0 0 0 0 0 0.4 0.6 0.4 0.4 0.6 0.8 0.8 1.4 0.1 0 0 0 0.1 0 0.1 0
ENSG00000002330 39.4 50.6 34.8 38.6 44.3 51.1 52.9 43.2 98.5 92.5 29.8 36.3 55.1 66 76.8 62.2 77.3 54.5 33 94.9 62.6 38.9 19.2 37 31.8 34.5 34.8 30.3 39.7 43.3 47.7 31.6 39.4 27.2 39 29.7 43.2 29.3 20.9 25.5 162.7 43.2 210.9 155.8 101.4 107.2 207.4 66.2 63.1 44.5 67.7 114.1 40.5 40.2 67.3 80.1 51.2 47.5 54.6 53.7 53.3 45.5 25.4 42.3 24 24.1 52.4 50.9 13.1 32.6 41.4 42.3 60 82.7 57.1 27.2 42.1 41.3 54.6 79 39.2 69.9 15.1 59 43.7 54.8 64.1 46.1 53.7 40.3 58.3 19.5 22.7 34.6 25.3 36.6 26.1 41.3 22.7 42.6 34.2 39.9 31.4 34 24.7 17.1 20.6
ENSG00000002549 18.5 30.6 19.6 23.3 27.8 46.3 36.9 19.4 56.6 53.4 22.6 10.5 19.9 29.1 27 18.6 30.1 22.3 43 24.5 23.2 63.5 33.5 35.6 40.8 32.7 60.2 15.3 33.6 21.5 11.6 23.7 13 18.4 19.4 19.1 21.3 19.3 29.8 14.6 17.5 10.2 21.1 35 30.9 29.5 21.1 13.2 14.5 5.5 22.7 31.9 21.9 23.9 15.8 18.3 46.6 41.4 41.9 69 49.2 16.3 13.7 21.3 11.8 13.1 18.2 20.6 10.8 28.4 25.2 37.8 28.8 51.9 28.5 12.7 28.7 20.2 28.6 24 30.1 33 10.2 21.6 12 21.2 38.7 21.7 65.8 24 18.8 17.4 18.1 22.6 14.1 16.6 27.1 22.3 11.8 6.1 4.9 5.6 5.1 4.6 9.9 6 8.5
ENSG00000002587 1.9 1.5 16.9 1.2 0.4 0.5 2.3 11.8 0.5 0.5 1.2 17.5 1.2 0.7 1 3.1 1.4 0.8 0.9 1.2 0.4 1 16 1.8 1.2 3.2 1.6 1.3 3.5 3.1 1 0.9 11.6 1.7 1.5 1.3 3.3 1.3 0.6 1.8 0.9 13.5 0.6 0.2 0.4 0.3 2.1 2 0.8 10.7 2 0.7 1.8 1 3.6 1.6 0.6 1.1 1 9.5 1.3 2.2 1.8 2 5 1.4 0.4 1.3 11.7 0.8 1.1 1 1.6 0.3 1.8 8.4 1 1.2 2.1 1 0.3 0.3 10.4 0.5 3.4 0.6 0.6 0.4 0.5 2.4 0.7 0.9 0.7 0.7 2.3 0.5 0.4 0.6 3.4 0.9 1.4 1.1 2.8 1.2 0.5 11.8 10.3
ENSG00000002745 1.2 0.4 0.4 0.2 0.1 0.3 0.4 0.2 0.3 0 0.1 0.6 0.3 0.3 0.2 0.3 0.1 0.2 2.3 0.3 0.3 1 0.9 0.7 1.7 0.5 1.3 1.4 8.3 0.8 1.7 0.6 0.3 1.2 1 1.3 0.6 1.1 2.2 1.1 0.6 0.4 0 0.1 0.5 0.8 0.3 1 0.8 0 2.2 0.4 2.9 1.8 0.6 1.1 0.1 0.1 0.2 0.7 0.6 1.4 3.6 2 1.1 3.7 1.4 0.5 1.5 0.9 1.1 0.5 1.7 0.3 0.7 0.9 0.4 1.4 0.1 0.8 1.3 0.1 0.7 0.8 0 0.2 0.3 0.2 2.5 0 0.3 0.6 0.7 0.9 1.1 2.2 13.6 0.6 0.1 0.2 0.5 1 0.4 0.6 2.3 0.1 0.3
ENSG00000002746 8.5 3.5 2.2 4.8 0.4 0.7 4.2 1.7 0.4 0.3 1.6 2.9 6.4 0.3 4.6 6 3.2 0.6 2.9 3.8 1.6 4.3 5 11.8 9 12.9 7.1 7.3 2.5 4.3 7.4 2 3.1 11.2 8.3 9.6 6.7 7.1 1.5 9 6.7 5.5 8.8 0.5 2.4 1.1 7 13.4 6.8 3.2 7.8 0.5 7.2 1.2 12.7 7 0.8 1.1 1.7 9.3 0.6 9.9 11.9 7.3 16.2 8.2 2 1.4 7.1 2.4 4.9 2.7 3.8 0.2 1.5 3.2 6.8 9.7 8 5 0.8 0.5 6 7.4 2.8 8.4 1.2 9.9 1 10 8.9 14.1 12.3 10.8 14.9 11.8 1.7 1.7 4.1 7.1 8.4 9 12.4 7.8 3.8 9 7.4
ENSG00000002822 4.2 4.3 5 4.6 4.3 6.2 4.9 4.5 5.2 5.9 3.9 3.8 4.7 3.9 5.7 5.2 5.3 5.4 6.4 4.3 8.5 3.4 4.3 4.6 4.8 4.5 4.7 3.1 3.9 3.4 3.8 6.6 4.3 3.2 4.2 3.6 4.7 3.7 4.1 3.1 7.2 5.2 6.3 8.3 6.6 4.6 6.9 4.8 5.1 5.2 4.6 5 5.1 3.4 4.9 5.4 4.5 4.2 4 4.1 5.7 4.5 3.8 4.4 3.4 3.7 3.5 4.5 3.8 4.7 3.7 4.3 4.4 4.5 6 4.6 3.5 3.8 4.1 3.7 3 4.2 3.5 4.6 6.5 4.3 5 4.9 6 3.2 5.2 3.4 3.7 3.8 3.4 3.4 3 4.2 4.1 5.3 5.3 6.5 7.1 6.9 4 5.8 4.4
ENSG00000002834 21.9 19.7 13.3 18.4 11.2 15.9 22.5 18 34.2 32.4 11.6 14.5 21.8 21.9 21.7 19 22.7 15.4 18.1 25.1 18.7 22.9 10.6 23.4 19.6 20.5 24.6 17.2 22.5 13.9 22.6 16.4 9.9 18.4 17.3 18.2 14 17.3 10.7 15.9 45.3 18 73.3 31.9 24.5 30 41.5 34.1 37.9 20.7 27.4 36.9 22.2 17.1 31.6 29.9 15.4 20.3 17.6 16.5 16.5 19.4 17.5 14.4 19.6 18 18.7 15.5 11.6 12.8 16.8 24.6 26.2 13.3 20.5 16 18.8 20.5 21.5 27.1 17.5 19.1 10.6 33.7 21.5 33.9 28.2 30.7 45.2 33 31 16.5 15.7 15.6 13.4 19.9 9.5 19.6 8.8 13.9 10.9 14 12.9 13.5 14.4 9.8 10.3
ENSG00000002919 11.2 12.7 7.2 11.6 13.6 14.1 11.2 8.4 16.8 16.5 11.6 7.5 10.3 12.1 11.6 10.7 11.6 8.5 10.1 13 15.7 11.6 6 10.9 10.6 10.7 13.2 9.6 12 9.2 11.6 11 10.3 8.3 10.7 9.8 7.7 9.8 9.4 10 19.5 12.1 25.7 21.5 21.2 20.5 20 14.9 12.3 10.1 12.5 13 10 9.5 11.4 11.4 14.7 12.6 12.2 13.7 13.3 12.6 11.1 12.4 9.4 10 13.9 13.9 6.9 11 14.8 13 13.8 18.6 14.7 9.5 10.9 12.1 11.6 14.5 10.7 12.1 6.4 7.9 9 8.7 9.4 7.2 12.4 6.8 8.2 7.4 6.5 11.6 7.2 7.2 8.4 8.8 6.5 8.3 7 7.8 8.5 7.9 6.7 4.6 6.7
ENSG00000002933 3.7 10.6 3.8 5.6 10.8 12 8.6 10.8 23.4 25.8 7.2 4.8 6.8 11.3 12 6.3 12.6 9.5 9.7 16.6 10.5 12.4 5.4 6.7 6.5 5.4 12.7 5.1 10.2 7 5 9.9 4.6 5.1 6.2 5.2 5.7 5.6 6.8 4.3 5.6 2.5 9.9 17.4 6.4 9.8 9.3 2.4 6.7 3.9 4.3 9.1 3.3 11.4 6.2 7 11.1 15.2 13.2 7.3 12.6 4 2.4 2.4 1.8 2.9 7.5 5.6 0.7 4.5 4.2 7.8 9.6 9.8 9.4 3.8 7.1 5 6.2 8.2 11 5.2 2.5 11.7 6.3 10.8 16.4 9.5 34.8 5.7 10.9 2.3 2.2 3 2.2 3.3 2.2 5 1.2 15.7 11.2 15.9 9.3 8.4 11.4 5.7 4.5
ENSG00000003056 31.8 20.5 17.1 22.1 23.1 24.8 18.1 15.7 15.1 20 32.2 16.8 17.8 15.6 11.9 14.7 16.4 22 34.5 12.9 19.8 48.4 28.4 37 35.1 36.7 43.6 18.7 28.4 18.2 23.2 23.4 13.8 25.6 20.3 27.2 14.7 23.1 22.2 22.8 21.7 19.6 14.2 20.3 22.2 22.6 18.3 45.6 11.3 12.4 15.4 8.6 25 28.1 13.8 10.4 25.4 21.3 25.2 28.3 24.2 28.9 36.6 26.7 32.9 32.5 16.1 18.6 36 24.8 20.7 16.5 20.2 29.2 20.4 23.3 23.9 26.4 21.3 18.8 27.5 20.5 46.4 58.5 37 48.8 42.1 52.5 57.6 44.1 43.9 52.9 59.4 48.7 56.9 55.9 44 57.7 50.1 17.3 10.5 13.2 15.4 19.1 14.8 14.2 13.5
ENSG00000003096 3.2 0.8 0.8 0.9 0.5 1.4 0.5 0.8 0.6 0.5 1.4 2.3 1.2 1.6 0.9 1.2 1 1.7 11.6 0.9 4.1 2.3 3.2 1.6 4.2 1.8 1.8 2.1 2.4 1.2 4.4 5.2 0.7 2 1.4 1.6 1.2 2.3 6.6 1.6 0.9 1.1 1.2 0.4 0.2 2.3 1.2 1.4 1.6 0.5 1.1 0.4 1 3.1 0.5 1.2 0.3 0.1 0 0.1 0.5 0.8 1.5 1.1 1 1.9 3.6 1.4 2.3 0.6 0.6 0.8 0.9 0.9 1.2 0.9 0.4 0.7 0.7 1.4 2.2 0.3 1.8 1.7 1.1 0.7 1 0.7 2.1 0.9 1.5 1.2 1.4 1.1 1.1 1.5 12.1 2.2 2.8 1.3 1.4 1 1.5 0.9 1.5 1.1 1.2
ENSG00000003137 13.5 3.6 23.3 4.2 2.3 2 2 10.3 1.3 0.2 3 12 8.3 1.1 2.4 7.1 2.5 2.3 2.7 3.6 2 6.4 17.4 11.3 8.6 13.1 12.1 6.4 31.5 2.1 14.3 1.9 19.7 8.7 8.4 7.4 3.9 7.7 1 5 7.2 16.8 10 0.8 2 1.4 1 9 8.7 9.2 3.1 1.7 3.4 1.4 0.6 8.9 1.1 1.3 1.1 1.3 1.6 11.1 8.9 4.5 7.7 7.9 4.6 0.8 14.5 2 3.3 1.6 4.5 0.6 3.6 23 4.6 8 5.5 5.8 0.7 1 10.7 11.3 16.9 10.7 2.8 8 0.4 3.3 9.3 6.9 7 6.6 3.8 6.7 6.3 3.4 10.8 1 0.8 1.1 3.4 0.5 0.9 8.3 8.3
ENSG00000003147 7.3 5.6 5.9 6.1 0.8 3.2 6.4 10.7 4.3 3.7 5 6.9 7.8 1.8 7.4 7 6.4 4.7 6.2 6.5 5.2 5.5 8.9 10 8.4 12.2 9.3 8.1 4.9 9.6 8.6 5.2 12 9.5 9.6 8.2 9.2 8 4.4 9.4 11.4 9.2 14.8 2.2 4.6 9.2 11.8 13.1 10.5 7.9 9.2 6.3 9.2 6.3 10.6 9.3 2.1 2.8 2.5 6.2 2.4 11.8 11.1 10.8 12.4 9.7 10.5 3.8 8.7 3.3 6.3 4.5 7.5 1.1 4.2 4.5 7.2 9 7.1 7.8 4.5 2.3 6.9 9.1 9.8 11.2 4.6 11 4.9 10.2 11.8 13 13.2 13.2 14.5 12.7 13.2 8.2 9.4 9.6 9.8 8.4 13.7 10.8 6.8 13.3 12.6
ENSG00000003249 15.1 14.6 9.6 11.8 3 6.3 6.8 5.7 4.4 8.3 9.1 10.4 21.1 6.9 21 14.7 12.5 8.8 7 16.9 8.2 12.6 9.1 25.6 16.3 20.3 22.1 14.2 13.3 9.2 20.8 10.5 10.2 20.2 19.1 16.1 9.9 10.7 5.7 15 32.3 13.5 90.3 11.4 26.7 17.9 38.9 24.2 39 21.3 28.6 18.6 16.1 10.1 19.7 25.6 5.5 6 4 10.7 2 18.3 10.6 13.1 12.7 9.8 7.4 11.1 4.8 4.6 10 12.8 11.6 3.2 10.8 3.9 15 12.2 9.7 13.3 6.3 15.8 2.5 6.2 11.8 16.7 4.6 10.6 1.7 8.4 7.2 14.2 11.1 9 6.1 11.2 5 5.3 12.6 38.9 33.1 35.6 35.8 31.5 16.4 12.3 7.8
ENSG00000003393 10 9.8 45.2 11 7.8 6 7.1 31.5 5.6 5.5 10.2 52.3 12.7 8.2 10.3 10.8 8.3 9 6.8 8.2 6.4 7.6 66.3 13.6 12.1 14.1 9.5 13.6 7.7 11.8 12.8 7.6 59 14.7 12.9 13.4 10.9 12.5 8.8 13.2 5.7 65.8 3.8 4.5 6.3 6 6.3 13.1 4.5 60.3 6.9 5.1 9.3 6.5 6.9 5.9 7.5 6.4 6.3 9.1 7.1 10.6 13.5 10.1 14.1 11.1 6.2 8 106.8 10.1 9 7.9 7.5 9.5 9 99 8.3 10.5 7.8 6.7 6.9 6.3 117.5 10.7 62 11.2 7.3 10.6 5.5 12.5 9.9 15.1 15.1 12 17.9 13.7 10.8 11.9 84.4 7.3 9.1 7.2 7.1 8.8 8.9 56.3 62.4
ENSG00000003400 1 2.9 1.5 2.1 2.2 4.6 5.3 3.5 8.5 7.4 1 0.9 1.5 1.7 2.1 1.3 2.1 1.5 1.6 2.1 2.4 1.6 1.3 1.1 1.3 1 1.5 1.7 3.8 2.7 0.7 3.2 1.9 1.2 0.9 1.4 2.9 1.4 2.6 1 0.8 0.4 0.2 0.6 0.4 0.9 0.5 0.5 1.2 0.7 2.1 3.8 3.1 3.5 1.6 1.3 3.6 6.8 3.7 2.2 4.2 0.7 0.7 0.8 0.6 0.5 1.1 1.5 0.7 1 1.2 2 1.1 0.5 1.1 1.1 1.3 0.9 1.3 0.7 0.9 0.8 0.7 0.9 1.4 1.1 1.5 1 2.4 1 1.2 2 2.4 1.9 2 1.9 2.6 1.7 1.7 6.8 4.8 4.8 3.4 6.1 4.2 3.2 3.6
ENSG00000003402 3.5 8.1 14.3 6.1 8.7 13.6 13.1 14.8 24.4 21.6 7.4 14.1 4.4 12.1 4.8 5.6 5.6 8.4 8.5 6.2 9.2 8.5 13.1 4.8 6.2 5.2 6.7 4.2 7.7 7.1 3.4 7.9 16.1 4.3 4 4.6 8.9 5.6 10.1 4.1 2.5 4.8 2.4 4 3.6 4.3 2.4 1.6 4.3 8.1 3.9 6.6 4.2 8 4.8 3.6 7.3 8.8 6.7 4.7 9.6 1.9 2.6 2.6 2.2 2.7 5.7 5.7 5.6 4.7 3.9 4.3 3.2 4.2 4.4 7.4 3.8 3.1 4.5 3.1 6.2 5 7.2 2.8 11.1 3.3 7.1 3 6.3 3.2 3.2 3.4 3.8 3.4 3.9 3.6 5.9 5.9 13 4.8 5 3.9 3.3 5.1 6 7.3 7.7
ENSG00000003436 0.4 1.5 0.9 0.6 0.6 1.8 2 2.8 7.9 5.7 0.4 1.4 2.5 2 1.9 1.6 2.7 0.7 1.5 2.7 1.9 3.8 1.3 0.8 1.2 0.7 1.9 1 12.3 1.6 0.3 1.4 1 1 0.7 1.2 1.8 0.9 1.5 0.8 0.4 0.6 0.1 0.2 0.2 1 0.2 0.5 1.3 2.2 2 2.5 1.3 2.9 2.8 2.5 1.7 4 2.5 4.2 6.8 0.8 0.8 0.6 0.9 0.7 2.5 0.6 0.4 2 2 2.5 1.8 1.2 1.5 1 2 2.1 3.4 1.4 2.9 0.6 0.6 1.2 0.3 1.6 4 2.1 3.7 1.1 2.3 2.6 2.8 1 1.8 1.7 2 1.9 0.8 5 3.8 3.1 3.8 5 5.7 2.2 2.7
ENSG00000003509 4.6 4.5 6.6 5.3 4.1 4 4.9 6.6 5.2 4.1 7.6 8.5 5.3 6 7 5.2 6 5.6 5.6 5.7 5.6 6.8 7.1 6.6 6.3 6.9 6.5 6.9 5.8 6.6 6.1 5.2 7.9 5.5 5.8 5 6 6.9 6.1 6.2 3.5 3.8 1.1 3 3 3.6 2.5 4.8 2.6 6.1 3.3 4.2 4.2 5 3 2.1 3.3 3.3 3.3 6.1 3.7 3.9 5.4 4.5 5.2 5.5 5.2 4.5 4.9 5.7 5.6 4.9 4.9 5.6 4.9 6.2 3.1 3.3 2.5 2.8 2.9 2.5 5.9 10.5 7.1 8.5 7.2 8.7 6.3 9.6 8.8 6.8 7.2 7.1 10.2 7.3 7.7 7.2 9.5 8.4 9.5 7.8 8.4 7.4 8.7 6.8 7.3
ENSG00000003756 14.9 15.3 22.2 20.7 33.3 19.2 15.1 16 13.3 14 25.1 24.1 14.7 13.2 12.4 15.3 14.2 20.8 14.8 12.6 15.1 10.8 21.2 12.3 12.2 13.8 9.3 14.7 10 16.4 13.6 16.6 22.1 16.4 13.7 14.1 14.2 14.8 19.6 16.7 10.2 9.2 4.8 12.4 14.7 12.7 6.2 11.1 8.1 9.6 6 10.5 13 15.5 6.2 7.4 23.2 22 19.7 9.9 16.3 13.2 17.1 10.7 17.1 19.7 13 18.4 31.5 23.3 17.3 14.6 11.8 8.3 18.1 18.9 10.3 8.5 8 5.4 13.2 12.9 29.5 22.6 26.9 19.2 17.8 18.9 23.4 22.6 19.6 16.2 18.2 15.4 20.6 15.4 17.3 18.6 26.6 13.6 13.2 11.3 12.6 13.3 17.8 24.7 30.7
ENSG00000003987 7.2 1.6 4.3 2.6 3.8 2.4 1.6 2.2 0.5 0.2 5.8 4.9 2.4 0.5 1.7 2.7 1.1 3.6 5.1 0.9 1.8 4.7 7.1 6.7 6.8 6.6 3.7 3.2 1.1 1.5 3.6 2.5 3.7 5.5 3.5 3.6 2.4 5.3 3.5 4.3 2.5 4.1 1.3 1.4 3.5 2.7 2.6 5.7 2.4 3.1 1.9 1.8 3.2 2 2 2.4 2.8 1 1.5 2.3 1.9 4.9 6.7 3.5 7.7 6.4 3.4 4.8 6.3 3.9 3.6 1.2 2.5 2.7 2.3 4.7 1.8 3.2 1.6 1.8 2.5 2.3 4.7 5.5 5.6 5.3 2.2 7.9 1 5.1 2.9 8.4 7.5 6.3 6.7 6.7 4.9 4.8 6.4 2.9 4.6 5.3 4.2 6.1 7 12.7 9.6
ENSG00000003989 2.9 3 3.2 1.6 2.8 1.5 1.4 2.2 2.3 1.1 8.5 1.1 1.1 2.5 1.9 1.5 1.3 10 1.2 0.5 1 3.6 3.2 2.4 2.7 0.9 1.7 3.1 2.2 2.5 2.7 4.1 0.9 3.4 2 3.5 2.9 3.2 3.5 4 0.9 1.1 1.4 1.3 1.5 3.5 0.9 1.1 0.7 0.3 0.9 0.3 1.3 2 1.1 0.4 3.5 2.7 5.1 2 2.8 1.6 3 0.8 2 4.3 5.7 4 0.6 0.9 1.7 3.3 1.5 0.6 1.8 0.8 1.4 1.7 2.7 3.1 6.1 1.5 2.4 4.8 0 1.2 4.3 2.6 8.9 1.8 0.9 1 0.7 0.5 0.7 1.2 0.5 1.3 0.5 2.1 2 2.5 1.1 2.9 3.7 1.4 1.2
ENSG00000004139 4.9 5.7 6.9 4.3 5.8 3.6 4.6 3.7 1.5 4.5 4.4 6.1 6 4.5 8.2 5.4 5.3 4.3 3.9 3.1 4.2 3.4 3.8 5.5 3.5 3.8 2.7 3.1 2.6 2.5 4.7 4.2 4.1 4.9 3.5 4.8 2.6 5.3 4.7 3.4 12 6 19.8 7.3 3.4 7.3 5.6 6.8 11.2 3.1 5.3 5.8 4.4 4.2 4.2 7.2 2.8 3.5 2.6 3.8 3.1 4.8 5.2 2.9 3.7 5.6 4.5 1.6 4.6 2.7 3 3.1 4.5 1.6 4.7 4 3.1 4.7 3.7 7.3 5.3 6.1 3.7 2.6 4.2 3.6 3 4.3 3.2 2.3 3.8 4.1 3.9 2.6 4.1 4.2 3.9 5.3 4.5 0.8 2.2 0.9 1.1 1.5 2.6 3.5 2.4
ENSG00000004142 37.8 45.8 36.6 36.5 34.3 39.2 41.2 41 49.2 57.6 39 32 41.8 42 46 38.5 42.2 32.7 36.4 45.5 40.1 34.7 26.3 39.5 35.1 34.7 44 34.1 44.2 35.9 47.8 34.2 41.8 36.4 37.3 34 30.9 31.7 25.2 34.5 52.7 32 85.8 53 42.7 48.3 76.5 40.7 45.9 38.5 46.2 43.8 32.3 29.7 35.7 44.8 35 32.8 31 50.9 28.9 33.7 22.2 32.6 27.2 25 31.9 26.3 21.7 28 30.7 37.9 40.1 46 35.2 25.1 38 33.3 33.8 45.4 28.9 34.9 20.7 37.3 35.8 47.7 47 42.5 49 41.1 47.8 31.7 27.4 33.9 27.5 29.6 23 33.2 32.2 97.5 85.4 105.8 98.1 81.6 56.5 87.5 80.7
ENSG00000004399 13.9 15.5 6.7 17.4 26.5 17.7 25.9 11.3 36.6 33.2 10 4.8 18.3 13.9 20.8 24.1 20.1 13.2 9.9 21.6 18.7 10.9 2.7 14.5 11.6 15 11.7 10.2 14.4 14.7 8.8 13.8 5.6 10.2 10.4 11.6 14.3 10 8 9.5 23.4 3.5 27.1 16.3 25.8 15 24.5 17.8 12.5 2.8 14.7 13.2 14 14.2 25.4 12.9 27.5 19 17.2 16.8 13.4 12.4 11.6 9.2 17.5 10.1 7.5 24.3 2.3 13.5 8 9.6 7 4.8 8.6 2.4 7.7 6.9 8.9 7.6 6.6 6.3 1.4 15 2.9 12.2 12.5 9.3 15.7 21.4 14.5 10.7 12.7 10.2 21 12.1 12.3 10.3 1.9 15.6 17 15.3 17.9 16.6 15.6 3.3 3.3
ENSG00000004455 9 13.8 16.8 14 20.5 18.1 14.2 16.6 18 16.3 11.2 15.1 10.2 15.7 10.3 12.3 10.8 13.3 12.7 11.4 12.9 11.6 15.7 8.8 9.3 11 11 11.3 15.5 14.8 9.2 15.6 19.5 10.6 11 9.5 13.7 9.9 15.7 12.3 11.7 17.3 13.2 19.7 18.6 13.7 22.4 8.3 10.4 21.4 11 13.2 11.1 12.8 15.7 11.5 20.1 17.2 17.7 24.3 19.4 10.8 9.5 11.8 12 10 10.2 22.9 19.9 19.6 15.6 18.3 14 21.3 16.6 22.4 12.9 10.2 11.8 10.6 15.2 14.2 21.1 9.5 20.6 8.3 12.3 8.5 14.8 9.9 10.4 8.6 9 9.1 11.5 8.4 11.2 10.5 20 15.8 15.7 16.3 15.6 15.5 21.1 23.6 23.3
ENSG00000004468 2.8 1.1 0.2 1.3 2.4 2.4 1.1 0.9 0.8 1.4 5.7 0.3 0.7 1.3 0.7 0.4 0.6 3.6 1 1 1.6 1.9 0.6 0.7 0.9 0.4 0.9 2.2 0.8 1.2 1.7 7.2 0.7 1.5 0.8 1.3 0.5 1.7 3.4 1.7 0.8 0 0.9 3.9 1 4.4 1.2 0.2 0.3 0.1 0.3 0.9 0.4 1.6 0.5 0.8 1.4 0.6 2 1 1.5 0.9 0.7 0.3 0.6 1.5 4.8 1.7 0.1 0.9 0.5 2.7 0.7 1.2 0.3 0.5 1.4 0.5 0.6 0.5 3.8 1.1 0.3 0.9 1.2 0.4 3.7 0.9 10 0.4 0.8 0.6 0.5 1.5 0.1 0.5 0.8 1.8 0.5 2.7 2.2 2.8 2.2 1.6 5.4 1.4 1.1
ENSG00000004478 49.7 38.1 59.5 47 43 40.5 35.8 51.5 49.4 39.9 44.6 73.6 44.1 41 36.9 37.5 36.9 28.9 110 31.7 34.7 87.1 169.3 87.4 85.4 108.8 100.3 40.3 45.1 28.4 46.5 26.4 55.4 35.7 42.6 36.3 26.8 28 25.6 43.5 75.1 98.9 77.5 95.2 72 56.9 113.1 82.8 52.5 85.7 52.1 46.5 44.9 37.9 44.6 48.5 38.7 30.4 36.9 62.2 33.3 49.5 40 47.9 44.7 42.6 28.4 32.5 54 56.3 47.2 46.5 54.9 86.3 48.4 91.2 41.2 38.5 30.7 39.5 27.7 34.1 53.1 71.5 96.1 62.1 101.3 55.8 61.9 76.3 64 38 35.8 44.6 33.1 38.3 27.5 35.4 67.7 27.5 23.8 41.5 41.5 18.9 18.3 63 63.5
ENSG00000004487 17.3 15.5 20.1 15.8 11 11.6 13.9 15.9 12.4 15.3 23.9 18.8 17 13 15.9 15.6 15.3 14.3 13.3 13.8 13.3 16.4 22.1 19.7 17.3 19.6 19 18.8 16.2 16.3 18.7 15.8 21.4 19.4 19.7 19.8 16.6 17.8 14.6 19.1 12.9 12.9 10.9 11.9 10 10.3 13.1 20.2 10.8 13.5 11.5 9.3 13.3 12.8 13.2 9.4 11.8 14.4 11.3 15.7 11 17.5 17.1 13.9 18 16.2 10.5 9.1 19.4 11.7 12.2 11.6 14.1 10 12.3 23.2 14.5 14.9 12.1 12.5 11.8 10.1 22.9 14 18.1 14.6 12.6 13.2 11.4 19.4 12.9 24.6 25.8 21.2 33.3 24.6 21.1 23.4 31.9 16.7 16.9 19.9 18.1 16.4 19.1 26.9 27
ENSG00000004534 14.5 35.6 59.7 35.4 45 38.8 46.9 56.5 45.4 42.9 20.4 45.4 27.7 31.6 27 29.9 29.8 31 24.4 28.1 30.2 30.4 55.4 29.6 26.8 34.6 26.1 20.1 30.9 47.8 20.7 30.6 50.5 22.4 22.2 23.1 36.7 23.9 24.4 24.4 23.5 20.1 10.9 21.7 22 19.7 16.2 20.5 17.3 29.5 16.7 21.6 26.1 22.6 18.4 14.8 34.1 44 35.4 32.8 36.2 26.2 25.5 27.6 30.7 26.2 25.4 28.2 43.6 28.8 21.2 25.4 28.3 13.3 26.5 45.9 13.5 13.6 13.3 9.4 14.7 14.3 36.9 14.3 30.5 15 12.4 10.4 13.3 17.3 13.8 14.1 15.8 12.9 25.4 14.8 18.5 17.5 26.9 12.2 14 11.4 12.5 14.6 13.7 17.1 14.6
ENSG00000004660 23.8 10.3 12.2 15.3 2.5 2.2 5.1 7.4 1.3 1.4 42.1 11.9 19.5 4.4 19 17 18.6 11.7 25 9.5 7 19.4 14.5 35.1 27.4 38.7 30.7 11.1 8.7 6.2 16.6 9.2 5.7 23.6 18.4 21.8 7.7 10.6 5.7 16.4 21.8 13.1 48.4 8.5 12.8 10.5 30.6 38 20.8 8.3 22.4 15.8 18.3 4.9 21.7 23.7 2.2 2.4 2.6 24.6 1.8 21 23.7 23.1 31.6 18.4 11.3 2.4 18 3.6 8.3 7.2 6.2 1.4 2.7 10.7 15.4 23.5 25.2 15.2 6.5 9.8 8.7 21.7 9.9 21.9 11.9 25.3 3.8 32.5 21.8 25.6 27.9 20.9 32.1 21 17.9 24.2 8.5 7.8 8.6 12.1 17.3 12.2 6.7 12.1 14.1
ENSG00000004700 7.8 7.4 6.8 7.5 9.9 10.8 8.2 8.5 12.9 10.9 8.1 9.9 6.5 9.7 6.4 7.9 7.3 7.6 9 6.4 7.1 13.2 13.5 7.9 9 10 10.4 10.9 12.1 11.9 7.8 10.4 10.1 8.7 8.7 9.4 11.3 7.5 13.2 9.5 5.7 8.9 2.6 5 7.3 8.4 3.9 7.4 5.1 5.9 6.4 7.4 8.5 9.5 8.9 8.1 12 15.9 11.2 9.8 13.9 7.5 11.1 8.5 8.4 9.3 9.2 13.5 13.6 13.4 9.4 8.9 6.9 13.8 11.6 8.6 8.1 9.1 10.5 7 11.5 11.3 11.3 4.5 5.5 4.9 6.5 4.8 7.5 5.4 3.9 10.8 11.2 9.9 11.9 9.3 14 8.8 11 10.1 10.6 9.7 10.2 8.5 12.4 10.5 16
ENSG00000004766 10.4 5 5.9 6.1 4.8 4.6 3.8 3.9 2.8 3.7 8.8 6.2 7.5 5.1 5.5 5.7 4.3 4.9 6.7 3.7 3.5 11 10.5 12.1 12.4 12.9 11 12.5 7.2 6.5 11.9 6.1 8.2 11.4 11.1 12.1 7.2 10.9 9.4 13.5 3.1 4.9 1.9 2.2 2.7 3.2 1.2 10.6 4.8 2.6 4.1 3.4 6.9 5.9 3.5 3.1 5 4 4.7 3.9 3.6 8.3 11 8.3 10.7 11.1 4.4 5.3 10.8 7.6 8.5 5.4 4.5 5 5.1 4.8 6.2 7.7 5.7 6.4 5 4.4 9 3.1 2.6 2.2 2.2 3.7 1.9 2.7 2.2 8.3 8.1 6.9 8.5 7.4 6.5 7.2 7 4 6.4 6 5.6 5.6 6.2 5.8 5
ENSG00000004776 4.4 3.8 2.1 2.1 4.5 6.5 5.7 4.1 14.6 9.4 3.6 2.5 3.4 4.5 6.4 5.7 7.6 2.3 2 6.1 8.3 8.9 1.2 2 1.4 2.6 2.5 2.8 11.5 6.7 1.7 11.9 1.3 4.1 4.6 4.4 5.1 1.3 5.2 2.7 4.8 2.8 16.4 9.7 13.8 12.6 15.9 3.2 3.5 4.3 4.6 3.6 1.9 2.5 8.2 5.3 4.2 4 4.4 3.7 5.9 6.1 2.3 7.1 3.2 1.8 8.3 7.5 2 3.5 5.3 14.6 5.2 18.6 5.9 3.4 12.4 9.5 20.2 8.4 14 6.8 2.2 21 35.9 42.8 19.7 61.9 72.8 38.9 51.6 3.3 4.7 4.8 2.5 3.6 3.3 3.1 4.2 1.6 2 3 5.8 2.3 3.8 1.2 1.2
ENSG00000004777 21.3 38.2 42.2 41.1 51.8 27.5 28.7 26 11.9 15.3 16.3 24 36.1 15.9 28.7 23.3 26.9 20 44.8 25.8 32.1 22.7 20.9 27.9 24 20.6 24.5 17.1 20.7 14 26.2 25.7 17.4 20.1 18.6 20 13.8 16.7 17 17.2 73.4 11.4 114.8 46.7 47.1 47.3 46.2 38.2 87.7 15.1 45.3 52.3 38.6 35.3 42.1 62.8 34.2 23.2 21.4 10.3 15.1 23.2 23.3 17.6 22.5 23 31.2 23.7 12.3 23.6 21.6 15.4 26.2 11.3 22.3 10.1 23.7 26.2 29.3 37.9 23.9 37.8 8.7 26.6 17.5 23.2 27.3 20.6 18 21.1 23.4 13 11.9 13.1 10.7 15.9 27 16.4 10.5 20.9 19.7 20.1 20.6 27.2 20.7 13.5 10.4
ENSG00000004779 49.3 33.5 30 35.6 23.1 31.5 21 30.3 36.7 23.6 45.3 38.7 45 55.7 61.4 55.3 55.9 32.3 37.3 51.2 37.5 61 30.2 50.3 56.2 61.5 62.3 39.2 44.3 35.5 66.2 29 38.1 42.6 54 45.9 32.3 35.9 27.1 46.9 62.7 55.2 68.6 93.2 50.7 61.1 103 52.6 49.3 51.1 64.8 103.1 48.7 26 54.1 66.6 26.7 22.2 28 64.9 31.2 56.4 54.3 71.4 36.9 47.5 64.6 35.3 35.4 36.8 41.2 47.5 49.7 54.1 35.3 37.6 50.5 50.6 42 68.8 33 42.8 32.9 26.4 16.3 27.4 24.3 24.8 25 24 28 19.8 21.5 18.3 19.1 22.4 20.8 15 11.5 1.6 1.6 2.3 1 2.2 3.3 3.1 4.3
ENSG00000004799 23.5 25.2 8.6 31.3 76.7 51.2 22.8 31.5 43.9 21.6 36.9 6.8 18.1 173.7 14.9 22.8 18.9 30.6 47.2 19.4 32.2 50.3 21.8 19.1 27.5 13.8 30.2 25.8 35 24.9 10.5 50.2 10.5 27.2 26.8 30.8 42.3 25.2 83.6 19 14.5 5 11.3 26.1 23.8 36.6 9.7 5.6 32.2 8.9 28.7 59.3 32 66.4 32.1 39.1 135.2 94.2 108.6 23.9 106 13.8 13 21.3 11.3 14.3 30.4 89.1 4.7 189.1 128.3 100.9 77.8 214.7 159.9 20.1 77.3 57.9 75.4 53.7 131.7 115.9 12.6 50 21.1 41.6 73.8 46.2 98.7 43.7 37.5 23.8 23.8 47.7 19.7 17 64.3 32.5 5.2 14.6 12.2 9.9 6.9 10.7 10.7 3.6 4.5
ENSG00000004809 0.2 0.3 0.1 0.2 0.4 0.3 0.2 0.2 0.2 0.1 0 0 0 0.2 0.1 0.1 0 0.1 0 0 0.1 0 0 0 0 0 0 0.1 0.2 0 0 0.1 0 0 0 0.1 0.2 0.1 0.3 0 0 0 0 0.1 0 0 0.1 0.1 0 0 0 0 0 0.1 0 0 0.1 0 0.2 0 0 0 0.1 0 0 0 0 0.1 0 0.1 0.1 0 0.1 0.2 0.2 0 0 0.1 0 0 0 0.1 0 0.1 0 0.1 0.1 0.1 0.1 0 0 0 0.1 0 0 0 0 0.1 0 0.2 0.2 0.3 0.3 0.3 0.2 0.1 0.1
ENSG00000004838 0.6 0.8 2.9 1 2.2 1.1 1 1.8 1.1 1.1 1 1.9 0.8 8.7 0.9 0.7 0.9 3.5 1.6 1 1.6 1.5 2.2 0.7 0.7 0.5 0.4 0.5 0.8 0.7 0.7 1.6 1.4 0.5 0.6 0.5 0.6 0.4 0.9 0.5 1.6 1.2 2 1.7 1.3 2.8 1 0.6 0.6 2 0.3 0.5 0.4 7.3 0.4 0.6 0.8 0.7 0.6 0.5 0.2 0.3 0.3 0.4 0.3 0.7 3.9 0.8 0.4 0.6 0.6 0.7 0.4 0.6 0.8 1.7 0.5 0.3 0.4 0.6 5.3 0.5 0.5 1.1 1.2 0.7 4.5 1.1 2.3 0.4 1 0.5 0.6 0.5 0.7 0.6 3.8 1.2 1.1 0.1 0.6 0.2 0.4 0.6 1.4 0.4 0.5
ENSG00000004864 7 5.2 3.5 7.6 21.4 9.5 6.2 6 4.1 4.7 3.8 4 4.1 12.7 2.8 5.6 3.7 6.4 7.7 3.3 7.3 4.2 6.5 3.3 4.7 3.7 4.9 4 8.8 4.8 2.6 6.8 5.2 3.7 4.6 3.4 4.9 3.5 7.4 4.2 9.9 6.2 7.1 18.6 33.1 16.1 9.9 4.8 4.7 3.5 3.2 9.5 6.8 12.7 4.5 6.9 31.8 15.6 23.8 6.5 19.2 6.9 6.3 11.5 6.9 5.6 7.1 32.4 7.2 24.4 18 10.2 8.5 29.1 22.4 3.9 12.4 6.5 9.7 5 16.8 19.6 5.2 5.1 4.7 4.6 8.7 4.4 6.1 5 3.4 6.5 6.2 11.9 6.2 6.3 18.1 10.3 5.6 5.2 4.5 6.5 6.3 5.4 6.2 5.5 4.6
ENSG00000004866 3.3 5.3 9.4 4.7 2.7 3.1 4.3 8.6 4 5.2 3.4 9.4 5.5 3.2 3.5 4.6 5 3.6 3.3 5 3.6 4.1 12.6 4.7 3.8 4 4.7 5.5 6.3 5.4 5.5 4.5 10.6 4.9 4.8 3.6 4.4 4.6 2.9 5.4 4.3 7.7 3 2.9 1.5 2.6 2.3 5.6 2.5 9 3.1 1.5 2.8 2 2.6 1.8 2.2 3.4 3.5 3.9 2.3 4.9 4.7 4 4.4 4.4 3.4 2.1 10.4 2.9 4.2 2.8 3.8 2.6 3.4 14.2 3.2 4 2.9 3.9 2.8 1.7 11.3 3.2 13.5 3.7 3.8 3.3 3.9 2.7 3.7 4.4 3.7 3.8 4.4 4.2 2.6 3.8 14.3 8.5 9.3 10.1 10.5 10.6 8.8 22.5 15.8
ENSG00000004897 16.4 10 11.7 10.9 9.6 9.8 8.4 9.6 7.1 9.3 17.8 13.4 13.5 9.8 12 11.2 11.7 11.6 13.1 10.6 9.2 15.5 18.4 14.2 17 13 12.8 21.7 12.4 11.7 18.3 12.2 12.1 19.1 14.2 17.1 12 18.1 14.8 21.4 7.3 15.1 6.5 5.6 6.8 9.6 5.8 12.6 12.1 15.4 12.3 11.2 13.2 12.7 9 11.6 11.4 12.1 12.8 15.1 16.7 17.7 23.1 17.8 17 23.4 17.8 15 20.8 17.6 14.6 13 12.6 17.6 13.9 17.4 16.3 19.1 15.4 17.9 17.3 16.1 24.5 11.8 11.1 11.5 9.3 12.4 8.6 8.2 11 15.6 13.9 13.8 11.6 16.4 12.4 11.5 13.7 13.7 16 15.8 13 15.6 16.9 16.7 19.1
ENSG00000004948 0.3 0 0 0.1 0 0 0 0 0 0.1 0.1 0 0 0.1 0 0 0 0.1 0.1 0 0 0.4 0 0.1 0.1 0 0 0.2 0.2 0 0 0 0 0.1 0 0.2 0 0 0 0.2 0 0 0.4 0 0.2 0 0 0.1 0.1 0 0.1 0 0.2 0 0.1 0.2 0 0 0 0 0 0 0.2 0 0 0.1 0 0.3 0 0.1 0.1 0 0.1 0 0 0 0.1 0 0 0.1 0 0 0 0.1 0 0.1 0 0 0 0 0 0 0 0.1 0 0.1 0 0 0 0 0.1 0.1 0 0 0.3 0 0
ENSG00000004961 12.8 5.4 6.8 7.3 2.9 4.9 5.1 5.4 6.2 5.4 15.4 10.2 8.8 8.5 9.5 7.4 7.7 6.1 10.2 6.6 6.3 14.7 11.2 15.4 15.4 15.9 18 13.8 12.3 8.4 13.5 6.7 8.3 11.1 12.5 10.3 6.4 7.7 6.4 13.3 3.4 4.4 6.6 3.8 2.4 3.4 5.2 4.9 3.9 3.3 5 3.9 4.2 3.1 2.1 3.4 1.5 2.7 2.3 4.4 1.1 4.6 4.5 4.4 4.1 4.1 1.9 1.2 4.3 1.7 1.8 2.2 2.5 3 2.4 3.7 3 3.4 2.2 3 2.3 2.8 3.3 13.6 9.4 10.4 17 13.5 10.4 10.6 13.9 21.5 18.7 17.3 16 18.4 8.5 18.3 12.2 8.3 8.5 10 7.2 5.9 7.8 6.9 10.3
ENSG00000004975 5.9 13.9 19 14.5 14.1 11 14.9 14 11.9 11.1 5.3 18.7 15.4 12 13.6 16 14.5 11.2 12.5 11.7 14.6 6 12.1 9.4 8.1 10.9 8.4 4.9 12.3 10.1 6.4 7.6 14.1 7.6 7.7 6.7 9.2 5.4 6.6 5.8 8.4 7 4.2 8.8 12 7.8 4.3 7.4 5.5 8.5 4.9 6.4 7.4 9 5.1 4.8 10 8.7 9.8 7.3 8 5.3 5.3 5.1 6.4 5.3 5.4 6.3 7.8 6.4 7 5.4 5.9 7.5 7.6 10.9 5.4 4.5 6.1 3.9 4.9 6 7.9 9.7 17.4 11.3 9 8.9 13.2 11.8 10.3 5.5 5.4 6.1 8 5.4 9.6 7.8 12.5 6.3 5.8 6.8 8.3 6 6 9.9 8.9
ENSG00000005001 0.2 0.1 0.5 0.1 0 0.4 0 0.4 0 0 0 2.3 0.1 0 0 0.4 0.2 0 0.7 0.1 0.9 0 1.6 0.1 0.1 0.1 0 0 0.1 0.5 0 1.6 2.8 0.1 0 0 0 0 0.1 0 0 2.7 0 0 0 0.8 0 0.1 0 3.6 0 0 0 0.5 0 0 0 0 0 0 0 0 0 0 0 0 0.4 0 1.5 0 0 0 0.1 0 0 0.8 0.2 0 0 0 0.1 0 0.3 0 1.2 0.7 0.3 0.3 1.2 0.7 0.4 0.2 0.1 0.2 1.1 0 1.6 0.6 0.1 3.2 1.9 2.7 6.8 6.8 0 17.9 14.4
ENSG00000005007 18.1 22.8 34.4 23.2 24.3 24.3 24.3 29.7 25.9 25.1 24.8 42.1 24.7 22.2 28.5 26.9 27.5 20.3 25.8 26.8 24.2 21.4 38 25.7 21.7 26.9 24.2 15.5 16.6 17.8 20 18.8 29.6 18.3 21.3 18.6 19.8 17.9 18.7 16.1 19.5 24.8 16.8 20.2 25.9 18 14.9 21.6 16.9 23.9 19.1 18.4 20.5 17.6 18.6 16.2 27.1 20.8 23.3 24.1 17.9 12.7 11.8 13.8 15.6 12 12.1 14.9 25.8 21.7 18.8 24.8 19.6 26.7 18.8 29.8 16 13.7 17.7 14.5 14.6 13.9 21.7 21.6 33.4 19.7 22.4 22 24.4 26.2 19.7 16.5 18.3 17.4 19.8 17 20.1 19.2 31.4 19.8 19 18.2 21.2 20.1 16.8 35.5 36.8
ENSG00000005020 7.9 1.6 1.1 2.2 3.1 1.5 1.8 1.3 2.7 2.3 3.3 2.2 2.3 1.6 1.7 1.8 1.9 2.3 5.6 1.2 1.3 9.9 5 12.4 10.9 8.2 11 5.6 2.9 1.1 4.2 2.4 2 6.5 5.3 6.9 2.8 5.7 3 5.1 2.8 4.6 4.9 2.1 3.4 5.1 4.1 7.1 5.8 1.5 5.4 5.7 5.6 4.8 4 6.4 2.9 3.7 2.5 2.5 3.1 4 7.9 3.3 4.9 6.1 5.8 5.1 3.6 5 4.3 2.5 2.7 3.1 2.5 0.8 3.4 3.9 1.6 3.3 3.8 1.3 2.5 4.2 1.4 3.6 3.3 5.6 3.3 3.7 4.2 7.1 8.3 5.6 4.1 5.9 5.5 6.5 2.7 5 5.4 4.6 4.3 5.1 8.7 1.7 2.3
ENSG00000005022 118 102.8 66.6 82.7 53.4 83.6 83 78.3 106.8 98.6 99.7 60.2 69.4 73.8 65.5 74.8 73.7 67.1 94.3 70.5 74.6 101.5 105 116 112.3 155.2 151.5 109.4 127.5 126.5 105.5 97.6 88.1 81 86.7 75.7 71.3 61.2 51.5 110.8 73.8 35.1 127.1 92.7 82.1 76.6 146.5 73.6 43.3 38.3 54 31.2 42.6 33.6 56.3 52.3 37.4 41.5 40.2 60.8 23.4 49.3 39.4 51.1 58.1 35.7 46.5 30.1 40 23.7 28.2 51 33.6 43 36.7 27 56.1 47.4 52 52.2 58.8 42.7 34.7 152.3 101.1 154.1 169.7 214.2 226.5 199.9 156.5 173.9 155.4 194.3 144.1 136.6 111.2 99.3 94.1 106.1 79.3 109.6 110.8 65.5 64.8 49.8 79.6
ENSG00000005059 2.1 1.7 0.4 1.1 2.1 1.2 1.3 1.6 2.6 2.1 6.5 0.5 1.6 4.2 1.6 0.9 1.8 2.4 2.5 2.1 1.1 7 1.1 2.6 3.2 1.4 3.7 1.7 5.9 0.6 4.8 1 0.5 1.3 1.3 1.5 0.6 2.8 1.7 1.6 3.5 1.5 1.6 4.7 3.3 3.9 2.7 2 7.5 2.9 3.8 3.7 3.9 5.5 3.1 5.3 4.2 2.4 4 2.9 3.5 3.3 3.3 2.2 1.6 6.4 4 6.6 0.7 6.4 3.7 4.3 5.9 5.5 4.3 2.1 5.5 4.4 4 9.5 8.6 7.1 1.9 4.4 0.9 2.7 5.8 2.4 4.6 1.8 2.3 2 2 2.4 0.5 6 2.1 2.7 0.2 1.2 1.1 1.7 0.9 2 3.7 3.4 4.6
ENSG00000005075 15.9 38.1 37.5 28.1 36 43.6 67.5 39.8 73.7 79.1 18.9 30.2 23.6 33.8 38.2 32.7 46.7 24.9 30.8 51.4 44.4 30.2 16.9 24.2 19.6 19.8 25.5 21.7 36.1 38.2 30.3 30.4 35.6 18.6 32.9 16.7 27.7 16.7 17.8 18.9 93.2 43.9 88.2 149.2 95 107.4 125.4 43.9 85.4 87.1 46.7 101.8 40.9 78.1 95.8 61.5 57.1 54 56.4 59.2 65.6 37.1 19.6 40 29 21.2 61.3 40.2 25.9 36.5 30.9 47.6 52.1 79.1 49 34.6 44.6 38.4 52.6 59.4 53.2 66.9 27.3 77 84.1 71.3 86.2 55.9 66.8 50.5 88.3 19.5 14.7 33.7 19 23.8 24.2 43.6 35.8 7.6 5.6 4.3 6.5 1.8 4.7 18.6 20.3
ENSG00000005100 7.4 6.9 7.5 7.5 6.5 6.1 7.1 8.3 6.6 5 7.4 8.1 7.3 5 7 8.3 8.5 7 7.9 7.4 6.9 7 8.3 8.6 8 9.1 6.5 8.7 5 10 8.2 7.2 9.2 9.8 8.6 9.1 7.5 8.3 7.5 9.3 6.7 8.9 7.5 6.2 7.6 6.2 6 8.9 7.4 8.7 8.1 6.2 8.4 6.1 8.4 7.1 8.7 7.8 7.3 7.4 8.4 8.9 11.1 10.3 12.3 10.7 6.6 7.8 10.5 8.7 8.7 8.5 8 9.2 7.8 8.4 10.4 11 12.8 9.7 8.7 9.2 11.8 6.4 9.4 7 6.5 6.2 6.1 7.1 6.4 10.6 11.5 8.9 14.1 10.1 10.2 9.6 13.1 7.3 8.2 8.6 10.5 5.8 5.3 9.3 11.7
ENSG00000005102 0 0.2 0.1 0.1 0 0.2 0.1 0.2 0.3 0.2 0.1 0.1 0.2 0 0 0.2 0.1 0.1 0.1 0.2 0.1 0 0 0.1 0 0 0 0.1 0 0 0 0.1 0 0 0 0 0.2 0 0 0 0.3 0.1 0 0.1 0.2 0.2 0.2 0.3 0.4 0.4 0.2 0 0.5 0.4 1.6 0.4 0.1 0.1 0.4 0.4 0.1 0.2 0.2 0.3 0.2 0.1 0.5 0 0.1 0.2 0.1 0.1 0.3 0.1 0.1 0.2 0.1 0 0 0 0.1 0 0.2 0 0 0 0 0 0 0 0 0.1 0 0 0 0 0.1 0 0 0 0 0.2 0.2 0.1 0.1 0.1 0.1
ENSG00000005108 3.5 1.7 1.1 1.5 1.1 1.4 2.4 1.5 2.6 2.4 2.4 1.4 1.7 1.3 3.1 3 3.2 2.2 2 2.3 1.4 2 0.9 2.9 2.4 3.5 2 3.3 1.9 3.5 1.5 2.8 1.1 4.3 2.7 3.7 4.3 3.8 2.9 2.9 1.7 2.9 2.1 2.4 1.6 2.5 2.7 2.5 2.4 0.8 5.9 1.9 4.5 4.1 6.1 2.9 2.7 3.7 3.2 2.5 2.2 4.9 6.4 3.2 7.3 5.4 5.9 4 4.4 2.6 3.9 5.7 4.5 1.4 3.9 1.8 4.1 5.1 7.1 5 4 3.2 3.2 2.6 1.8 4 2.1 3.7 3.4 4.8 4.5 3.4 3.8 1.8 6.3 2.4 4.5 3.6 5 5.3 6.7 4.7 7.4 6.2 5.4 2.8 2.1
ENSG00000005156 4.3 4.1 5.5 4.3 6.3 4.1 3.7 3.9 2.6 3.3 5.7 4.1 2.7 3.6 3.7 3.6 2.9 3.9 3.2 2.6 3.3 3.4 4.2 3.7 3.3 3.6 2.9 3.8 3.8 3.6 3.7 4.7 6 4.1 3.2 4 3.5 4.1 3.7 4.2 2.9 3.2 1.7 2.8 3.1 3 2.7 2.9 2 2.5 1.7 1.9 2.3 3 2.2 1.8 3.4 3.1 3.2 3.8 3.4 3.1 3.2 2.8 3.8 2.9 2.7 2.9 5 3 2.4 2.4 1.9 2.8 2.4 2.6 2 1.7 1.6 1.5 1.8 2.4 3.5 2.6 3.7 1.9 2.2 2.6 3 3.1 2.5 2.4 2.6 2.2 2.5 1.9 2.6 2.8 4.2 3.1 4.6 4.2 4.9 5.4 5.3 6.8 5.9
ENSG00000005175 9.1 4.6 7.4 5.9 5.2 5.6 4.6 5.4 5.5 6.2 9.5 9.2 6.9 6.7 7 6.4 5.6 6.3 9.4 5 5.5 11 11.4 9.1 10.6 9.2 8 10.2 6.9 5.8 8.7 7.5 6.6 9.1 8.4 9.2 8.1 10.5 10.3 10.8 3.6 10.2 3 3.5 5.2 5.7 6.2 7.2 5.5 6.9 4.8 3.6 5.5 7.6 4 4.5 6.5 3.9 7.1 6.9 5.2 6.3 7.8 6.4 6.2 7.7 8.1 7.4 9.3 8.9 7.6 5.2 5.6 8.2 4.9 9 6.2 6.7 4.4 5.6 7.6 7.3 9.8 4.7 4.7 4.3 6.3 5.3 4.6 3 3.2 10.1 9.6 7.7 8.3 8.5 7.2 5.4 6.1 8.5 10.2 11.7 9.2 10.1 9.4 8.6 8.1
ENSG00000005189 1 1 1.5 1.1 0.7 0.7 1.1 1.4 0.7 0.3 0.5 1.7 0.9 0.5 1.1 0.8 1 1 1 1 0.6 1 3 1.2 1.1 0.9 1.1 1.3 1.1 0.8 1.5 1.2 1.6 1.5 1.2 1.4 0.7 1.4 0.9 1.2 1.2 1.2 0.6 0.9 0.4 1.2 1.2 1.2 1.1 2.3 0.9 0.3 1.5 1.3 1.2 1.1 0.9 1.1 0.7 0.7 0.8 1.6 1.7 1.4 1.9 1.5 1.2 0.9 2.3 1.3 0.9 0.8 0.9 0.8 1.3 2 0.8 1.2 0.8 1.5 0.6 0.7 2 1.7 3 1.8 0.6 1.5 1.2 1.2 1.9 1.3 1.2 1.1 1.5 1.2 1.2 0.9 3.5 0.8 0.8 0.7 0.6 0.5 1.3 2.3 2.5
ENSG00000005194 13.5 10.7 9.7 11.3 9.2 9.6 8.8 7.9 8.5 9.2 15 9.9 9.7 10.6 9.8 9.5 9.5 7.9 7.4 9.2 8.4 13.6 10.6 16.9 15.6 17.6 18 13.8 13.6 10.1 17.2 8.8 14.1 13.9 13.4 15.7 9.6 11.1 8.3 15.1 12.2 9.3 11.1 9.4 9.7 7.4 13 16 7.7 8.5 8.5 6.7 9 8.8 6.5 7 7.5 7.2 7.5 11.2 7.9 11.3 12.2 13.2 13.8 12.1 7.1 7.7 15 7.2 8.2 6.6 7.9 7.9 7.5 10.7 9.5 10 9.5 9.8 7.2 6.1 10.1 11.2 12.1 9.2 9.2 14.9 9.7 14.3 12.8 14.7 15.4 14.7 13.7 13.7 7.9 10.9 14.8 13.2 10.1 13 13.7 8.4 7.9 14.9 14.7
ENSG00000005206 15.7 34.1 51.4 29.8 40.2 33.4 39.7 48.3 36.1 45.1 17.9 34.8 26.8 28 22.8 26.8 27.2 26.8 22.8 29 28.6 13.2 25.8 16.2 13.5 17.1 16.4 13.7 25.4 27.2 18.9 25.4 45.8 18.2 19.5 17 21.5 16.9 15.6 14.3 16.8 15.4 11.4 20.5 37.7 9.8 11.8 15.2 10.4 18.7 9.1 8 13.6 11.6 10.6 9.6 22.5 18.5 20 12 11.8 13.4 10.6 18 12 8.8 12.7 28.4 17.8 15.3 9.2 10.3 9.5 9.1 10.6 13.1 8.8 7.2 7 6.6 8 9.9 10.4 21.4 47.1 28.9 20.6 22.9 30.2 23.8 29 18.9 22.3 25.4 26.7 18.6 29.3 21.9 38.4 26.6 22.3 27.4 34.7 21.8 16 45.9 39.9
ENSG00000005238 6.6 9.1 8.8 8.3 9.6 8.7 8.7 7.9 12.8 11.9 7.8 6.4 8.4 8.4 9 7.1 8.2 10.5 9.7 10.7 8.7 6.6 6.3 6.1 5.8 4.9 6.2 5.5 6.4 5.9 7.5 6.7 6.9 5.9 7.4 5.7 5.2 5.7 4.7 5.3 13.7 5.6 19.3 11.8 12 9.5 8.6 8.1 13.9 7 6.9 8.5 7.4 5.5 6.3 9.1 11.2 8.6 11.3 9.9 8.7 7.1 6.5 7.4 4.7 6.6 8.2 10.8 4.4 8.6 7.1 7.9 9.2 6.8 8.3 9.4 10.1 9.2 9 11.6 8.2 11.5 6 9.4 9 8.7 9.5 9.6 7.7 6.8 9.9 6.1 6.6 8.6 5 7.2 8.1 9.1 7.2 11.3 11.3 12.3 10 10.1 9.6 8.9 8.2
ENSG00000005243 2.4 5 3.7 3.7 8.5 6.3 7.2 9.3 16.7 13.3 4.1 3.3 4.1 12.8 3.1 3.7 5.9 7 1.3 8.4 7.6 5.5 1.2 1 1.3 0.3 3.4 2.3 21.4 3.7 1.4 2.6 2.3 2.5 3.1 2.9 4.8 2.5 3 1.3 4.2 1.3 7 12.6 8.3 4 6 0.6 4.5 1.2 4.2 11.2 4.2 3 3.4 9 7.8 8 6.2 2 12.2 3.1 1.9 3.5 1.9 2.1 4 12 0.7 6.2 7.8 8.7 6 10.7 8.6 2.6 5.2 3.9 7.4 7.4 6.8 10.3 1 6.4 1.5 7.4 9.6 3.8 16.1 3.6 6.6 3.7 3 2.9 2 3.2 2.7 4.3 0.9 1.2 1.2 2.3 0.7 1.7 5.5 1.1 0.8
ENSG00000005249 36.5 27.4 8.8 32.9 7.8 16.9 13.8 7.7 9 9.3 18.4 9.4 48.8 11.4 48 37.2 42.6 21.5 66.7 24.6 25 44.9 10.5 49.5 61.4 50.6 48.1 83.3 30.6 48 49.6 41 12.9 65.8 57 61.5 45.1 51.4 51.5 75.1 18.8 22.1 19.2 7.7 6.9 27.5 27.5 44.4 34.5 18.1 56.2 25.4 41.6 42.5 41.4 42.4 12.1 14.8 12.9 34.9 16.4 52.5 63.2 47.4 53.4 56.3 52.6 17.5 15.8 21 33.2 29.1 44.8 19.1 19.1 16.5 44.7 69.2 52.8 63.6 42.9 23.4 18.9 46.3 9.2 46.9 19 48.8 20.8 54.7 43.4 97.2 96 72 90.6 86.8 69.3 34.1 13.7 37.8 42.3 32.1 37.9 37.9 26.9 6.5 9.4
ENSG00000005302 6.8 7.6 5.6 7.4 6 6.2 6.8 6.7 11.8 9.2 6.5 6.7 7.2 5.1 6.7 7.3 7.3 7.6 5.6 7 5.6 9.3 6.8 9.7 9.5 10 9.4 8.8 8.2 9.1 8.4 6 7.8 8.1 8.3 7.8 7.5 7 6.3 10.1 7.6 5.2 11.8 5.5 5.1 4.8 9.8 8.4 8.8 4.9 8.7 5.1 6.4 4.2 7.2 7.5 5.6 7 5.5 7.3 6.4 7.8 7.3 7.4 8 6.8 6 6.7 6.8 6.1 5.4 7.2 6.9 3.8 5.6 5.4 7.6 7.9 7.6 9.2 5.4 5.9 7.5 6.5 5.3 7.4 6.4 7.5 5.8 7.2 9 12.5 11.4 9.6 11.8 11.1 7.7 9.6 7.2 8.1 7.5 8.5 7.6 8.2 7.2 5.5 5.3
ENSG00000005339 9.1 7.5 12.6 7.2 6.9 7.1 9.6 10 5.6 8.3 8.6 11.9 6.3 6.5 4.5 6.1 5.1 9.2 7.8 4.4 6.6 4.1 12.1 11.1 10 11.6 4.3 3.9 2.1 5.1 5.5 7.5 9 8.1 5.5 8.6 8.1 8.3 7.8 6.7 9.2 13 9.3 6.6 10.5 9.6 5.9 7.8 8.2 14 5.3 3.7 6.1 10.3 10.6 5.5 7.5 7.9 8.2 10.4 7 8.2 10 5.2 12.3 7.2 6.5 5.8 17.2 8.5 7 6.6 4.7 5.1 5.2 14.8 4.2 4.8 6.1 2.6 7.2 7.4 16 6.8 14.5 6.1 6.4 5.7 5.9 7.1 6.5 5.1 6.8 4.3 7.8 6.6 6.7 7 11.6 7.2 9.5 10.3 10.9 12.8 12 17.3 10.1
ENSG00000005379 38.4 66.5 72.3 66.4 16.2 32.5 49.1 27.2 24.5 30.3 39.4 59.9 70.1 47.7 65.1 71.3 63.7 51.4 58.4 55.5 53.5 45.6 36 75.4 62.7 71.4 55.9 23.4 12.6 28.8 51.5 34.6 26.4 36.8 26.9 43.1 22.9 44.8 22.1 32.5 244.7 27.5 454.9 46.9 101.1 67.7 138.2 101 191.5 25.8 78.9 49.5 71.7 41.9 56.5 158.5 13 22.7 15.4 17.2 8 36.6 50.6 28.8 46.4 49.5 46.6 12.1 45.4 28.8 27.1 28.6 40.8 7.7 25.7 31 25 38 42.7 45.8 23 33.1 29.4 71.2 29.8 68.7 34 59.9 21.9 49.2 69.7 37.4 49.4 28.3 51.2 60.1 40.6 46.2 23.7 23.3 28.3 30.3 31.7 41.9 31.4 18.1 17.9
ENSG00000005381 0.7 0.5 0.5 0.4 0.3 0.6 0.6 1.2 2.2 3.3 0.6 0.4 0.6 0.2 0.5 0.4 0.3 0.4 0.5 0.6 0.4 0.8 0.4 1.1 1 0.4 1.2 0.4 0.4 0.4 0.5 0.6 0.4 0.8 0.7 0.8 0.3 0.4 0.3 0.3 3.1 1 3.4 1.4 1.3 1.4 3.1 3.4 1.6 1.1 2.3 1.2 1.8 1.5 1.2 2.4 1.2 2.1 1.3 0.5 0.6 2.7 2.3 2.3 2 2.5 2.2 1.1 1.3 0.7 1 1 1.9 0.7 1.6 0.8 2.1 2.6 1.8 2.7 1.5 1.1 1.6 0.3 0.5 0.5 0.3 0.6 0.2 0.2 0.7 0.5 0.4 0.7 0.2 0.5 0.2 0.4 0.1 1.4 1.2 1 1 1.6 0.6 0.8 0.6
ENSG00000005421 0.3 0.6 0.7 0.6 0.6 0.4 0.4 1 0.6 0.7 0.3 0.6 0.3 0.5 0.7 0.3 0.4 0.4 0 0.6 0.5 0.2 0.2 0.1 0.1 0 0.2 0.3 0.1 0.4 0.2 0.6 0.5 0.3 0.2 0.3 0.1 0.6 0.5 0.2 0.1 0.1 0 0.1 0 0.2 0 0 0.1 0.1 0.1 0 0.1 0.1 0.2 0 0 0.1 0.1 0 0.4 0.1 0.1 0 0 0 0.3 0 0.1 0.1 0.1 0.1 0.2 0 0.1 0.1 0.1 0 0 0 0.1 0.1 0.1 0 0 0.1 0.1 0.1 0.4 0 0 0 0 0.1 0 0.2 0.1 0.1 0.1 0 0 0.2 0 0.3 0.1 0.2 0.1
ENSG00000005436 4.2 3.8 4.3 4 6.2 4.8 3 2.8 3.4 3.4 4.1 3.3 4.4 2.5 3.4 3.4 3.2 4 4 2.3 3.1 3.7 4.9 3 3.4 3.4 3 6.1 4.6 5.6 4.4 4.7 4.4 5.5 4.5 4.6 5.8 5.6 6.6 4.6 1 1.7 1.4 1.5 2 2 0.9 1.5 2.3 1.8 1.8 0.9 2 2.7 1.7 2.3 4.3 4.2 3.6 2.5 4.7 3.5 2.6 3 3 3.5 3.1 5.4 2.6 3.9 4 2 2.1 2.9 3.3 2.7 3.4 2.9 2.4 3.2 5.6 6.2 4.1 3.8 3.5 2.5 4.1 4.4 2.8 2.6 2.2 4.5 4.8 4.1 3.7 4.3 4.4 4.3 5.6 2.2 2.2 2.1 1.6 2.8 3.9 3.1 2.1
ENSG00000005448 5.8 5.7 8.1 5.9 6.2 4.7 5.2 6.8 4.3 2.8 5.5 8.9 7.4 7.6 6.8 6.6 7.1 7.8 6.9 7.9 8.9 4.5 4.6 7.3 5.7 5.1 6.4 5.9 7 4.7 9 5.9 9.2 5.4 5.5 5.6 4.9 5.1 4.6 5.5 16.5 7.7 8.3 7.7 7.5 6.8 10.8 12.8 7 16.6 6 5.9 7.1 6.7 7.3 7.1 4.9 4.5 5.1 4.8 6.5 11.3 8.3 9.7 10 8.9 8.7 6.4 8.5 5.6 6.6 4.9 7.6 4.8 6.3 12.1 5 7.1 4.9 6.9 5.9 4.4 10.3 10.1 12.7 13.9 8.2 9.2 7.6 7.2 10.3 8.1 8.4 10.9 9.3 11 10 9.2 8.6 30.8 30.1 28.7 34.7 31 20.6 32 34.8
ENSG00000005469 3.3 3.3 3.5 3.6 2.8 3.3 2.3 2.8 3.1 2.5 3.2 4.2 3.6 7 4 3.1 4.7 2.4 2.9 4.1 3.4 5.7 4.8 3.5 4.7 3.3 4.6 6.1 5.6 3.8 4.1 4.6 4.2 4.2 4 5.2 3.1 5.6 4.8 4.7 2.4 2.8 2.5 1.8 2.1 3 0.8 3.7 3.6 2.8 3.8 2.4 3.9 2 1.5 2.8 2.4 2.6 3.1 1.6 2.5 4.8 6.2 5.2 1.9 6.9 4.3 2.4 3.8 2.5 2.8 3.6 3.5 3.1 2.4 3.2 5.5 5.2 2.6 5.9 3.3 2.2 4.3 2.1 1.4 1.1 1.2 1.9 4.3 1.4 1.7 2.6 3 2.5 2.1 3.4 1.9 2.4 3 1.4 1.5 1 1.6 1.4 2 2.2 3.3
ENSG00000005471 0.2 0.1 0.1 0 0.1 0.2 0.3 0 0.4 0.3 0.2 0.1 0.1 0.1 0.2 0.1 0.1 0.1 0.1 0.2 0.2 0.1 0.1 0.2 0.1 0.1 0.2 0.1 0.2 0.3 0.1 0.1 0.2 0.2 0.1 0.2 0.1 0.1 0.4 0.1 0.2 0.1 0.1 0.1 0.2 0.1 0 0.2 0.5 0.1 0.8 0.6 0.5 0.3 0.5 0.5 0.5 0.8 0.6 0.3 0.8 0.3 0.3 0.2 0.2 0.3 0.3 0.2 0.1 0.1 0.4 0.4 0.2 0 0.3 0.2 0.2 0.3 0.4 0.1 0.2 0.1 0.1 0.2 0.1 0.2 0.4 0.2 0.2 0 0.1 0.3 0.3 0.2 0.2 0.3 0.3 0.3 0.2 0.8 0.6 0.3 0.3 0.6 0.7 0.2 0.2
ENSG00000005483 18.2 19.4 27.4 22 32.3 23.9 26.4 33 24.6 26.9 15.6 26.6 19.7 13.1 17.4 19.9 17.4 20.1 19.1 17.4 20.5 15.6 27.9 17 18.7 20.2 16.2 18.8 11.6 19.2 12.7 16.3 21.9 19.1 17.2 16.9 21.9 18 22.4 18.6 21.5 41.7 27.3 25.4 36.8 24.3 39.6 21.3 31.8 55.1 26.6 24.9 26.8 36.6 39.2 36.4 28.6 34.9 32.7 28.2 51.7 23.2 26.2 23 30.1 23.8 23 45.2 37.2 36.6 32.6 27.1 21.5 36.2 34.6 42.7 26.3 26.8 32 19.9 32.1 38.9 46.1 21.8 49.2 23.7 24.3 21.1 35.4 29.6 30.2 21 20.4 18.3 30 18.4 23.6 19.5 37.8 20.4 24 21.7 21.7 25 22.6 34.1 31.5
ENSG00000005486 178.1 77.1 37.1 82.9 42.7 48.2 35.4 35.5 36.8 50.4 194.9 31 101.7 80.6 77.2 51.2 70 117.2 151.9 66.1 63.1 152 38.6 128 137.9 105.1 156.2 134.7 118.3 60.3 300.8 122.8 50.5 123.7 124.6 124.6 41.3 110.3 69.5 133.2 116.1 30.6 140.9 81.1 53.6 89.7 80.7 168.2 80.2 19.5 47.8 56 51.1 58.4 34.1 47.7 43.5 43.6 39.1 54.1 22.4 95 106.8 83.3 84.9 100.2 63.7 36.4 41.2 43.4 38.5 36.7 53.7 38.8 46.5 27.8 71.5 76.7 49.9 91.6 74.7 68.1 27 161.9 55.5 110.2 143.1 130.1 78.3 91.1 104.2 161.7 122.8 150.8 78.2 152 131.7 182.7 57 26.5 17.5 31.2 24.7 20.9 28.2 16.2 16.5
ENSG00000005513 56.1 56.4 19.3 85.5 220.2 167.2 81.2 40.6 42.4 51.2 36.9 9 36.8 36 38.7 51 36.6 73.7 85.2 29.5 100 9.4 4.8 13 19.9 12.8 13.5 29.1 16.3 46.7 22.9 70.4 23.5 26.5 41 24.2 53.5 26 79.4 26.3 107.7 29.6 129.6 251.2 309.8 152.3 176.7 40.7 110.8 17.5 58.6 147.7 81.9 159.9 81.8 156.9 217.3 195.4 184.4 84.2 236.5 57.5 35.2 83.6 33.1 42 103 310.9 11.8 211.3 172.3 160.9 128 394 309 24.2 105.6 67.8 106 67.7 150.7 230.8 14.1 49.8 12.8 49.8 63.4 40.6 56.3 52.8 47.9 26.5 28.2 53.1 23 26.4 80.3 46.4 4.9 50.5 55.7 53.6 62.7 52.1 49 16.7 15.6
ENSG00000005700 9.8 7.1 9.6 9.3 12.2 7.8 5.5 8 6.9 6.4 9 10.5 8.3 7.8 7.3 8.3 7.2 9.5 8.2 5.8 6.8 8.4 13 7.9 9.1 7.9 6.6 12.8 9.9 10.5 8.5 9.6 12.8 10.6 9 8.7 10.4 9.5 12.8 12.7 4.2 11.8 3.8 4.3 7.5 6.2 4.4 5.8 6.3 11.2 5.9 6.8 7.2 7.8 5.7 8.4 12.3 9.2 10.3 7.8 13.5 9.7 10.5 11.3 8.9 9.2 9.7 17.5 13.6 13.7 11 7.8 6.6 12 9.8 10.4 10.6 9.4 9.3 7.6 11.5 12.8 14.5 6.7 10.5 6.6 6.5 7.1 9.2 8.2 6.8 12.6 13 11.7 13.7 9.9 17.7 7.8 15.1 7.6 10.2 8.4 8.5 9.5 9.4 15.4 15.6
ENSG00000005801 5.6 8.3 12.1 10.1 11.8 7.1 8.3 9.3 4.7 3.8 5.6 9.8 7.9 5.1 7.7 8 5.8 6.1 7.7 5.3 6.1 5.4 11.3 6.1 6.3 6.7 6.1 8.4 5.3 10.9 6.4 7.1 9.7 9 8.6 8.3 11.4 11.3 9.6 8.6 2.7 4.3 1.7 3.3 3.8 3.1 2.7 3.8 4 4.8 3.4 4.1 3.8 4.3 5.9 2.6 3.8 3.6 3.7 4.3 2.9 5.3 6.3 6.7 7 6.2 4.8 5.9 6.1 6.6 6.6 4.4 4.6 5.1 7 6 5.7 5.4 4.6 4.7 5.5 5.3 7 3.1 4.9 3.9 2.4 3.8 2.8 3.7 3.6 6.7 6.4 5.5 5.5 5.1 4.5 4.9 5.3 3.8 4.1 3.5 4 3.4 3.3 4.9 6.4
ENSG00000005810 30.9 11.3 10.8 13.1 8.1 8.5 11.5 11.7 5.6 5.7 19.9 13.5 15.3 8.5 15.5 14.8 14.5 14.5 14.1 15.9 12.1 16.3 15.1 22.9 21.8 22.1 18.1 20.3 9.4 11.2 22 11.5 13.1 23.9 21.3 20.3 15 24.6 12.8 21.2 16 19.6 9.1 6.6 10 11.5 11.1 26.3 12 15.9 14.2 9.9 16.6 14 15.5 10.7 7.8 7.4 9.5 13.5 8.1 24 35.4 22 26.8 28.1 17 12.8 21.9 13.2 14.7 10.7 12.7 7.6 9.4 19.8 14.1 17.9 10.5 14.5 8.4 6.8 22 19.3 17.3 22.2 12.5 21.9 12.6 19.7 22.5 25.5 23.4 24.2 25.6 24.8 17.4 20.6 19.8 18.1 25.1 22.5 20.4 24.3 23.3 20.3 17.3
ENSG00000005812 21.4 18.2 19.2 18.1 25.5 21.5 12.5 16.4 14.8 17.5 16.2 22.2 20.7 13.4 17.1 17.8 17.3 17.6 19.1 13.5 12.5 26.7 26.2 18 23.8 17 19 31.4 24.5 23.8 21.2 21.8 23.7 23.8 17.8 22.4 23.1 21.3 25.9 28.8 10.8 30.9 6.8 10.5 14.9 16.5 12.3 19.6 12.9 16.9 18.4 15.6 17.2 19.8 12.9 14.7 21.7 19.7 22.1 18.1 23.3 18.3 27.3 20.2 24 23.7 17.5 24.9 28.8 29 27 21.3 21.3 35.4 27.8 27.5 23.8 25.9 23.6 24.1 30.7 32.5 38.5 20.2 22.7 18.3 15 16.6 16 18 17.2 31.8 29.7 24 31.4 32.1 24.6 21.6 28.5 15.6 18.1 14.7 15.4 15.5 13.4 21.8 22.7
ENSG00000005844 0.4 0.6 1 0.5 0.5 0.8 1.3 2.5 3.5 2.7 0.4 0.6 0.2 0.4 0.2 0.2 0.4 0.2 2.5 0.3 0.8 0.9 1.3 1.5 1.3 1.4 1.3 0.1 1.4 0.5 0.3 0.8 0.6 0.3 0.2 0.3 0.4 0.3 0.3 0.1 0 0.7 0.1 0.6 0.1 0.1 0.1 0.4 0.1 0.4 0.2 0.1 0.6 1.1 0 0.2 0.6 0.7 0.1 0.7 0.1 0.3 0.4 0.4 0.2 0.2 0.7 0.5 0.2 0 0.2 0.2 0.1 0 0 0.3 0.1 0.1 0.1 0.2 0.2 0.1 0.2 1.2 0.1 0.7 1.2 0.8 1.2 0.7 0.3 0.4 0.2 0.3 0.1 0.3 0.2 0.3 0.7 1.1 0.6 0.8 0.1 0.7 1.2 0.3 0.1
ENSG00000005882 12.1 10.5 28.4 11.7 6.9 7.9 8.1 19.2 6.4 8.6 9.5 43.7 13.6 8.7 15.1 11.5 13.2 9.3 13.4 12 11 9.9 25.4 11.8 10.7 8.5 11.2 10.3 10.1 6.6 15.8 12.3 26.5 12.7 13.7 12.3 7.6 10.5 8.1 10.3 15 13.5 15.7 12.8 9.5 11.9 8.7 15.9 13.5 11.1 7.8 7.1 8.9 8 7.4 11.1 8.6 9.5 7.2 3.9 5.5 10.4 9.9 7.1 10.2 9.3 9.5 4.5 19.9 7.3 9.6 9.8 9.3 10 9 23.8 11.3 10.9 10.7 14.4 11.8 11.1 25 36 82.6 34.2 32.5 30 29.5 27 35.5 13.1 13.1 14.2 10.6 13.6 12.9 17.6 28.3 13.9 10.7 19 17.1 11.8 9 49.2 32.7
ENSG00000005884 7.7 10.6 19.8 7.6 3 4.3 8.6 15.6 18.1 8.7 5.4 20.7 10 8.9 11.5 9.9 11.1 8.4 7.2 10.9 7.1 14.5 18.6 10.1 8 8.7 9.8 8.1 14 8.3 9.7 6.7 16.9 8.3 8.2 7.8 7 7.6 4 6.8 10.1 7 9 3.1 2.4 3.1 4.5 9.7 8.3 9.5 6.5 3.7 6.6 5.3 6.6 7.2 2.2 3 3.3 3.8 1.6 6 6 3.6 5.5 6.2 4.2 2.5 6.6 1.4 2.2 2.6 3.6 0.9 2 6 3.8 4.6 2.3 5.4 2 2 6 7.8 16.2 9.1 3.4 6.8 2.4 5 9 7.3 7.4 5.4 7.4 9.5 4.9 8.2 12.6 13 12.9 13.4 14.3 15.4 11 26.9 21.8
ENSG00000005889 4.2 4.5 6.8 4.8 6.8 5.5 3.9 5.5 6.2 4.6 5.8 9.2 6.5 7.3 6.1 6.6 5.7 3.9 4 4.5 6.1 3.4 7.7 3.6 3.5 3.5 2.9 5.7 5.5 6.3 4.2 6.3 7.2 5.1 4.1 4.6 5.7 5.3 6.7 5.2 2 7.6 2.2 2.3 4.1 3.5 2.9 2.5 5.1 8.9 6.3 6.6 6 6.2 5.6 6.7 6.7 6.4 6.4 6.2 8.9 7.4 9.1 7.5 8.6 8.6 10.3 12.6 15.2 8.7 6.9 6.7 5.6 8.2 8.7 10.5 8.8 8.3 10 8.7 12.6 12.7 17.7 3.5 7.3 3.1 3.5 3.5 3.4 3.6 2.9 4.4 4.2 4.2 4.9 4 4.9 3.6 9.2 4.4 4.5 4.4 4.5 4.2 5 8.3 7.6
ENSG00000005893 83.9 48 20.2 79.9 195.3 121.5 40.5 24.8 32.2 26.8 60.1 16.7 43.2 56.3 31.4 50.6 35.6 88.4 120.8 17.2 62.7 41.6 25.9 34.1 58.6 42.5 38.6 62.8 50.6 68.6 32.8 104.5 22.2 53.2 52.5 45.3 66.9 37.5 167.6 67.7 30.7 27.6 22.3 62 105.1 77.3 22.9 21.8 37.2 5.8 24.3 76.5 45.4 96.6 24.5 73.8 213.8 147.1 194.8 62.1 264.5 48.3 50.2 101.6 43.3 45.7 68.7 219 22.5 338.4 220.6 131.6 88.4 487.4 322.4 27.5 126.3 78 119.1 50.8 206.6 277.6 21.2 32.8 11.9 21.5 55.3 25.2 40.8 28.3 17.3 45.5 42.6 83.4 39.6 34.9 136.7 59.1 15.5 23.2 22.8 26.3 24 21.2 26.5 14.9 22.6
ENSG00000005955 19 22.7 25.4 24.6 20.3 21.4 21.2 27.3 29.2 24.3 23.4 24.6 24.7 21.9 23.8 21.5 22.2 22.7 23.7 25.3 23.2 26.3 31.4 27.7 28.8 26.9 28.6 25.6 24.2 16.8 21.7 17.4 18.7 21.8 24.1 21.9 16.6 21.4 19.9 25 27.6 32.5 34.7 29.5 28.8 28.6 35.5 30.8 44.9 45.1 42.3 33.6 31.5 29.9 36.9 42.3 18.3 20.3 17.5 22.4 20.4 21.7 23.8 24.5 19.2 23.5 21.6 17.8 26.9 21.5 23.4 24.3 23.7 24.7 19.1 28.3 28.1 31 23.1 27.4 23.5 20.5 31.6 34.2 36.2 43 28.2 38.5 38.6 30.4 44.9 36.7 38.2 35.1 26.6 35.4 29.1 22.7 30.2 19.1 18.5 18.6 17.2 14.6 15.6 23.8 34.1
ENSG00000005961 0.6 2.2 3.4 2.2 2.3 1.7 2.1 3.8 1 1.7 0.7 3.7 3.7 2.2 2.5 2.7 2.1 0.9 1.2 2.2 1.7 0.8 2.8 2.2 1.8 3.1 1.6 0.8 2.4 1.5 1.1 0.8 2.7 0.8 1 1 1.6 0.8 0.5 1.1 3 5.6 1 2 1.7 1 0.8 3.4 1.2 8.3 1.9 0.6 3.3 1.3 1.5 1.1 1.8 1.2 1.6 0.7 0.9 2.8 2.7 3 3.6 2.4 1 1 11.7 1.2 1.2 0.6 1 0.3 0.9 3.9 0.6 1.2 0.7 0.6 0.4 0.3 6.4 2.3 2.6 2.9 0.6 2.4 0.5 2.1 2.9 2.8 3.4 2.3 4.4 2.9 1.8 0.8 1.7 3.8 2.8 3.2 4.2 4 4.8 9.2 9.8
ENSG00000005981 0.8 0.7 0.4 0.5 1.5 2.2 0.5 0.5 2 1.6 0.7 0.2 0.4 0.4 1.1 0.4 1.2 1.2 1 0.6 1.4 0.6 0 0.2 0.4 0.2 0.2 0.7 0.5 1.1 0.3 1.3 0.1 0.6 0.7 0.6 0.8 0.4 2 0.6 0.9 0.1 2.3 0.8 0.7 1.6 1.1 0.1 1.8 0.6 1.7 1.2 1.1 1.1 1.9 1.8 1.2 1.7 1.3 0.6 1.5 0.8 0.5 0.5 0.3 0.6 1.2 2.8 0 1.8 2.5 3.7 2.7 2.1 1.9 0.2 0.8 1.1 1.3 2.1 2.1 1.9 0.2 1 0.4 1.3 0.7 0.9 0.7 0.7 0.6 1.4 1.3 6.5 0.6 1.6 2 2.5 0.5 0.8 0.9 0.7 0.7 0.3 0.1 0 0
ENSG00000006007 27.7 19 8.5 21.7 27.5 26.6 20.5 12.8 24.6 24.1 28.4 12.5 21.8 21.6 20.3 21.9 20.4 23.9 33.3 20.6 26.4 21.3 13.6 24.3 25.7 26.5 28.9 23 20 17.9 21.7 19.2 9.7 21 26.8 22.8 17.9 17.5 23.6 22.8 34.1 18.7 44.2 42.2 50.6 43 45.1 30.9 38.4 23.7 29.6 40.5 25.7 41.7 36.2 37.5 29.5 25.8 29.6 19.6 37.8 24.5 24.9 32.4 23.6 20.6 25.9 29.7 12.8 43.5 40.9 37.6 33.6 110.1 45.6 14.8 36.4 33 32.2 34.8 44.9 51.3 13.7 21.7 13.3 24.9 29.3 29 31.9 24.6 25.7 25.9 27.3 29.7 19.6 19.8 34.9 21.7 11.2 18.7 17.3 18.9 15.7 11.4 9.2 10.4 13.9
ENSG00000006015 14.9 21.6 27.1 20.9 19.8 16.9 23.3 33 18.7 18.4 14 25.8 25.7 17.3 31.2 30.3 27.5 17.7 14.9 34.9 25.8 14 10.7 16.4 13.2 15.2 16 15.5 21 24.1 27.4 19 35.9 15.8 19.9 16.5 18.7 16.3 10.7 15.8 49.2 24.1 55.6 44.9 43.6 33.4 95.8 26 25.9 39.5 31.9 43.3 22.6 17.6 38.3 33.4 14.7 15.7 13.4 19.3 12.7 26.7 18.5 34.7 18.1 17.6 28.6 19.4 14.5 14.8 18.5 19.5 25.9 19.8 16.9 13.6 20.9 25.4 22.8 30.4 14.2 21.5 11.5 18.1 22.9 21.8 16.7 17.7 18 19.9 26.3 13 15.1 17.6 19.6 15.3 14.6 15.7 17.1 23.3 24.2 22.2 31.1 24.6 20.1 29.6 28.2
ENSG00000006016 9.5 70.8 2.8 39.9 6.9 27.6 38.5 2.9 70.3 99.7 5.4 2.1 28.9 8 52.1 21 77.6 17.7 3 48.3 7 42.6 2.1 21 12.4 10.7 21.1 23.6 24 14.9 11.6 13.3 1.1 19.2 24.6 20.1 12.5 12.1 1.7 19.3 28.5 1.2 78.6 44.1 29.2 33.1 15.3 21.2 36.8 1.9 27.4 33.7 17.1 22 20.7 29.1 70.2 81.7 98.8 8.6 33 16.6 10.2 9.7 6.5 9.7 18.7 3.5 1.3 17.2 17.5 30.5 25.7 21 21.7 3.8 31.6 21.9 26.9 36 21.3 18.6 3.7 2.9 0.4 2.7 3.4 2.1 0.2 1 3.4 2.1 4.1 1 1.4 3.4 0.6 0.2 1.1 3.2 3.9 3.3 2.1 7.3 1.6 0.4 0.3
ENSG00000006025 4.3 12.6 11.2 12.4 18.5 11.6 12.4 9.8 9.1 9 3.7 10.1 11.9 6.4 10.1 9.7 10.1 6.7 8.4 10 9.9 4.9 7.6 7.7 6.8 7.8 6.8 4.7 7 10.9 6.7 6.9 8.3 5.3 6.4 5.8 8.3 5.5 5.7 5 8.6 2.9 4.4 4.8 7.2 4.6 4 6.2 5.8 6.5 4.3 3.8 5.8 5.6 5 4.3 9.4 7.7 8.6 3.5 5.9 6.3 5.1 5.6 6.3 4.8 4.7 7.5 6.1 5.3 4.5 3.6 4.9 3.3 5 4.9 3 3.6 3.3 2.3 2.5 2.4 4.8 7.2 9.1 7 5.4 6.5 6.1 8.1 6.2 5.8 6.1 6 8.3 6 7.2 7 8 9.3 9.5 8.3 12.6 8.5 7.5 7.4 5.7
ENSG00000006042 16.4 12.2 5.8 25.1 55.7 37.3 13.3 8 10.4 8.8 11.9 4.1 7.3 54.8 7.5 10.8 7.1 20.9 14.8 7.2 21.2 3 2.8 2.8 6.2 5 3.8 6 9.8 9.9 4.8 17.1 5.8 6.7 9.8 6.5 11.4 5.7 28.4 8 21 11.5 17 48.4 69.2 34.6 27 7.8 14.8 9 6.7 19.8 10.1 15.6 11.5 15.9 33.7 21.2 28.6 8.5 38.8 8.6 6.5 15.5 7.1 6.6 15.6 23.6 14.9 21.3 14.3 17.6 13 28.4 25.5 20 22.1 11 16.8 10.9 33.4 38.8 14.6 6 7.9 6.8 12 4.4 14.3 6 6.5 4.1 4.1 7.6 5.9 3.2 11.5 6.9 5.6 5.5 4.1 4.4 2.7 2.8 5.1 3.7 4.5
ENSG00000006047 2.1 3.7 0.2 2.5 0.9 0.6 2.6 1.2 2.6 3.2 3.1 0.1 5.6 2.6 6.2 2.1 1.4 3.1 0 6 0.9 1.5 0 2.9 2.1 1.4 1.5 2.6 1.5 2 6.1 0.5 0.3 2.9 3.7 3.1 2.5 3.9 0.3 1.7 2.1 0.2 1.4 0.6 0.2 0.8 0.8 0.7 1.2 0.9 1.2 1.1 0.7 0.4 1.7 0.9 0.3 0.6 0.5 0.3 1.8 0.8 0.1 0.7 0.6 0.5 0.8 0.2 0.2 0.6 0.3 0.3 1.1 0.3 0.6 0.1 0 0.6 0.2 1.5 0.3 0.7 0 3.1 0 2.1 1.4 0.6 0.7 0 1.9 1.5 0.3 0.9 0 3.3 0 2.7 0 1.1 0.5 1.1 0.6 1.1 1.3 0.2 0.1
ENSG00000006062 2.9 3 5.5 2.6 2.6 5 4.1 3.4 3.7 4.9 4.6 4.1 3.8 4.1 2.3 3.7 3.5 5.5 10.1 2.6 5 2.8 6.4 3 3.1 3.5 3 2 2.7 2.5 2.2 4 3.9 2.2 2.1 2 1.7 1.9 2.7 1.9 3.4 5.6 3.4 2 1.4 4.7 3 4 3.7 5.6 3.4 3.9 4 6.8 3.9 3.3 1.8 2 2.2 3.8 1.6 2.4 2.1 2.2 3.4 2 3.9 1.8 5.9 1.2 2.6 1.3 1.9 1.1 1.3 8.4 1.7 2.4 2 1.9 2.1 1.7 4.8 4.6 12.9 7.2 9.2 4.5 13.3 9.6 7.1 2.7 3.3 3.2 5.7 3.3 4.4 8 8.2 2.6 2.5 3.1 3.3 2.3 2.5 6.1 4.5
ENSG00000006071 9 20.7 47.2 20 7.1 6.1 15.8 32.3 1.4 2 14.2 30.8 15.1 5 13.9 13.3 14 12.8 7.1 11.4 8.3 8.9 37.6 20.9 15 24.5 13.4 13.9 6.5 21.4 17.6 14.5 47.7 17.3 14.9 16.9 16.9 13.4 7.6 16.6 10.6 8.1 2.3 1.3 2.7 2.7 2.3 14.9 5 15.3 4.9 2.1 12.2 5.4 3.6 3.1 4.3 6 4.1 5.1 1.7 11.8 11.3 11.6 15 11.6 3.2 2.4 28.6 3.7 3.7 3.2 6.9 0.9 3.5 18.4 4.2 4.8 2 3.8 1.3 1.5 28.6 14.1 25.4 15.4 7.3 16.6 3.2 16.3 15 17.3 19.6 14.3 20.4 17.9 6.2 13.9 34.1 17.6 22.3 19.7 28.2 19.6 12 35.8 34.9
ENSG00000006114 6.6 5.7 5.3 5.1 7 6.5 5.9 4.8 5.4 6 5 5.9 5.7 6 5.1 5.3 4.6 5.2 6.1 5.2 5.7 4.3 6.1 5.8 6.4 5.7 4.7 5.3 4.7 5 5.8 5.8 4.8 6.3 5.2 5.3 5.5 5.8 6.2 5.8 4.7 5.6 3.4 5.4 6.4 5.9 3.6 5.3 4 6.5 3.9 4.8 4.2 6.7 4.5 4.8 8.4 6.7 7.4 4.8 8.3 4.7 6.2 5.6 5.7 5 5.2 8 7.2 9.1 7.1 5.7 4.5 10.8 6.9 6.8 5 4.7 4.9 3.4 7.4 8.5 7.1 5.3 5.5 4.4 4 4.6 5.9 4.5 4.5 6.3 6.3 6.4 5.5 6.5 5.6 5.4 5.7 3.6 4.4 4.3 3.5 3.9 5.1 5.6 4.8
ENSG00000006116 41.2 31 1.1 28.1 1.7 3.9 12.7 0.3 1.1 1 35.8 1.1 39 10.6 37.6 23.7 36.2 26.2 36.8 42.6 13.9 46.2 1.8 47.4 44.4 32.5 47.7 46.7 20.4 22.7 57.7 18.6 0.4 38.9 48.1 41.1 17.5 43 14.3 41.2 28.2 0.5 34.2 4.5 6.8 14.1 12.2 32.7 20 1.6 12.7 8.7 9.6 8.5 6.6 12.7 0.2 0.1 0.4 3.2 0.4 16.2 18 10.1 13.4 16.4 7.1 0.6 1.4 2.8 4.5 2.4 6.1 0.7 3.2 0.4 8.8 11.3 6.4 15.4 4.7 7.1 0.7 57.8 2 44.2 57 48.1 10.2 32.2 47.5 48.1 43.6 49.3 24.4 56.4 37.7 52.4 3.3 37.3 43.4 49.9 32.4 36.7 11.3 4.8 3.3
ENSG00000006118 37.1 38.7 42.2 32.5 26 31.3 39.8 18 28.6 43.3 23 41.2 42.1 55.7 47.8 43.7 52.8 25.9 28.7 46.5 36.3 35.2 26.6 39.6 32.6 27.8 36.8 31.7 28.5 34.6 48.8 43.2 31.4 31.5 32 34.4 26.7 27.4 17.7 29.3 36.9 30.6 68.6 25.9 18.6 27.6 25.5 38.5 26.9 20.1 26.5 21 19.7 16 23.6 16.5 12.8 15.2 13.3 11 7.5 18.7 20.2 16.9 20.9 21.1 15.5 7.7 30.7 8.6 9.6 13.9 19 5.3 10.6 20.8 14 16.9 15.3 26.4 10.1 7 20 39.3 23.1 32.6 22.2 33.1 12.8 28.5 32.6 30.8 29.6 29.9 22.5 36 7.1 18 34.4 30.5 33.5 42.5 54.9 50.6 32.7 40.6 37
ENSG00000006125 105.8 56.1 45.6 58.4 46.6 49.6 49.6 36.1 58 63.1 116.6 46.8 58.9 49.4 49.9 46.1 48.7 62.5 67.5 48.6 46.2 74.8 58.2 91.4 90.1 80.4 66.8 82.1 48.2 48.5 90 63.6 47.3 89.2 76 87.2 47.3 75.1 60 87.1 77.5 64.9 80.6 71.9 61.5 74.2 61.9 99.2 82 55.4 58.9 49.4 56.3 67.1 57.1 60.4 47.5 49.7 51.4 65.9 44.5 77.3 95.2 60.6 76.6 93.7 72.4 54.3 65.5 57.5 62 72 67.2 80.7 65.5 78.8 81.9 88 76.2 90.7 89.3 73.6 72.2 66.6 40.2 57.9 61.9 66.2 43.3 57.1 55.8 94.3 83.3 81.7 60.5 92.8 59.5 85.9 46.6 55.8 54.9 70.4 64.8 57.7 51.7 54 48
ENSG00000006128 30.3 1.4 0.4 2.5 0.4 6.9 1 2.4 1.5 0.1 11.9 0.8 1.4 1.4 0.4 3.5 3.4 2.4 154.9 1.9 47.5 25.6 4 12.9 39.4 12.4 17.6 13.2 11 4.7 13.3 52.9 0.2 9.5 7.4 10.2 2.2 11.4 111.3 11.8 8.8 0.2 3.5 1.4 0.8 39.9 0.9 7.8 0.9 0 2.7 10.2 4.5 40.7 0.4 2 0.2 0 0.2 2.9 4.2 11.8 17.7 9 7.2 23.9 96.7 1.8 0.1 4.1 3.2 1.4 9.9 11.6 0.6 0 3.8 6.4 2.2 9.1 33.9 1.7 0 10.7 0 7.7 13.5 7 48.3 3.1 7.3 9.7 8.5 7.5 4.9 9 143.5 19.9 0.2 10.9 10.7 5 5 9.3 5.3 0.1 0.4
ENSG00000006194 4.6 3.6 5 4 4.1 3.6 3.6 4.7 4.5 4.6 5.4 6.2 4.5 4.1 5.1 4.6 4.1 4.2 5.2 4.1 4.7 5.7 5.8 5.5 4.8 5.7 5.7 3.1 3.3 3 4.3 3.3 4.6 3.8 4 4 3.6 3 2.8 3 4 4.1 3.6 4.4 3.5 3.5 4.2 4 3.2 6.2 3.1 4.2 3.3 3.8 3.7 4 3.2 2.9 3.1 4.5 3.3 2.5 2.6 2.2 2.3 2.4 2.7 2.2 3.1 2.9 2.5 3 3.3 4 2.8 5.9 3.5 3 3.2 3.4 2.8 2.7 4.7 5.5 7.1 4.2 5.2 4.4 4.6 3.5 4.6 4.2 4.1 4.6 4.2 4.1 4.7 4.6 6.6 3.2 2.8 2.9 3.6 3.2 3.9 5.1 6.6
ENSG00000006210 77 45.5 7.3 45.3 9.6 21.9 35.2 14.5 58 28.9 68.2 9 57.2 35.4 50.6 45.2 50.7 37.9 197.4 48.7 40 153.1 47.4 115.2 119.7 116.3 141.7 51.3 63.4 34.5 68.3 38.8 9.8 42.8 47.6 48.6 26.3 41.6 19.8 42.4 69.6 7 47.1 14.5 16.4 31.9 42.2 124.3 24.1 5.5 53.4 46.7 48.5 51.6 48.5 29.1 16.9 29.6 19 59.6 24.5 55.9 58 48.7 63.4 49.8 37 16 10.2 12.9 23.9 20.9 26.2 4.4 11.5 6.5 29.4 40.2 27.9 36.7 10.3 9.4 5.1 44.2 3.4 38.7 48.4 40.5 13.2 51.2 36.1 37.3 34.5 31.8 32.9 38.9 36.1 65.8 6.1 35.1 38.4 49.5 58.8 44.8 32.9 12.2 9.6
ENSG00000006282 10.4 24.5 32.5 17.5 16.3 15.7 23 27.3 34.9 40.4 13.3 23.2 22.7 24.7 26.4 19.6 26 12.7 8.2 28.6 17 12.4 16.9 13.5 11.3 11.2 14.8 13.6 21.4 20.7 19.8 15.8 27.3 9.4 11.7 10.4 13 10.4 5.2 12 37.7 17.9 55.5 16.9 20.8 12.2 32.8 18.5 30.4 16.5 16.4 12.4 18.7 9.8 18 25.6 12.1 13.4 10.8 7.1 5.3 15.9 12.4 13.1 13.2 13.8 10.7 11 32.8 10.2 12.2 14.1 19.5 7.4 11.4 12.3 10.9 13.5 11.8 18.1 6.6 7.5 26.1 12.8 20.5 12.7 7.2 11.7 7.5 9.9 14.4 12.2 12.7 11.9 15.3 13.3 4.1 9.9 28.8 10.8 11.6 11.3 12 12.8 7.7 13.5 13.3
ENSG00000006283 7.6 4.8 8.2 7 0.4 0.6 4.5 1.4 0.4 0.3 4.6 21.8 9.3 0.3 6.8 12 6.3 0.4 1.6 3.6 1.3 4.3 20.9 13.8 7.7 12.5 8.1 5.2 2.1 4.4 3.9 1.8 7.9 5.2 4.3 4.8 5.4 4 0.7 6.6 11.8 27.3 15.1 0.8 3.2 1.7 10.5 14.5 6.6 38.2 7.2 1.3 8.9 2.4 11.9 7.8 0.8 1.1 1 8.1 0.5 7.6 8.3 4.5 12.3 6 1.4 6.8 19.1 1.5 2.5 1.6 2.2 0.4 1.1 9 2.1 3.1 5 1.8 0.6 1.1 7.2 6.7 8.5 7.6 8.8 6.7 1.2 12.1 8.8 4.2 4.8 3.6 9.7 4.6 0.9 2 16.3 7.9 11.7 9.6 12.9 10.7 9.2 21 15.3
ENSG00000006327 0.5 1 1.5 0.5 0.9 1.6 3 3 5.2 4.8 8.5 0.8 0.6 1.9 1 0.6 1.7 4 6 1.4 1.3 11.8 6.1 3.1 2.7 2.4 7.7 1.1 4.7 1.5 1.4 1.7 2 0.2 0.2 0.4 1.2 0.5 0.6 0.9 0.5 0.8 1.4 0.4 0.6 0.5 0.7 0.4 0.3 0.5 0.6 2.3 0.9 3.3 1.5 0.5 2.6 1.9 1.9 60.3 2.3 0.6 0.3 0.3 0.2 0.4 0.9 0.7 0.4 0.9 0.3 0.8 0.3 0.1 0.5 2.4 0.3 0.3 0.8 0.5 0.3 0.4 0.3 1.6 0.7 1.9 7.5 0.7 3.4 1.8 2 1 0.2 0.5 0.4 0.3 1 0.6 0.8 6.1 3.9 5.4 8.5 7.4 2.8 2.4 2.6
ENSG00000006377 0.6 0.2 0 0.1 0 0.4 0.4 0 0.5 0 0.1 0 0.1 0.1 0.2 0.3 0.2 0.1 3.5 0.5 1.7 0.4 0 0.4 0.7 0.4 0.3 0.3 0.2 0.2 0.3 0.9 0 0.8 0.1 0.4 0.1 0.2 0.8 0.5 0.9 0 0.7 0.2 0.6 2.8 0.4 0.3 0.4 0 1 0.3 0.5 1.3 0.8 0.4 0 0 0 0.1 0.7 0.5 0.5 0.2 0.5 0.7 1.6 0 0 0.1 0 0 0.1 0 0 0 0 0.2 0.4 0.6 0.4 0.1 0 1 0 0.8 0.1 0.7 1.2 1.1 0.7 0.2 0.2 0.2 0.4 0.2 1.5 0.3 0 0.3 0.2 0 0.2 0.3 0.1 0 0
ENSG00000006432 14.3 8.2 14.8 7.6 1.2 1.7 6 12.7 1.1 0.9 13.1 20.5 8.7 4.4 6.4 7.2 5.8 7.8 4.4 7.1 3.5 7.3 19.6 15 13.6 16.1 11.5 12.2 3.8 8 14.8 5.2 19.7 14.7 11 14.8 7 10.6 4.1 14.4 12.6 20.7 18.3 2.5 6.1 4.7 11.7 12.6 12.7 29 12.2 5.8 10.1 5.7 16.2 10.7 1.6 1.2 1.6 15.6 0.7 12.7 16.4 13.1 19.5 14.1 5.1 5.3 25 3.2 5.8 5.6 5.9 0.6 3.5 22.8 8.9 11.3 9 9.3 3 4.6 27.3 8.8 17.8 9.8 5.9 12.7 1.7 14.4 11.1 17.7 15.7 12 18 11.7 3.5 7.4 22.7 9.1 10.3 10.7 14.3 9.2 7.4 19.6 19.1
ENSG00000006453 0.3 1 0.6 0.5 0.5 1 1.2 2.2 6.3 4.5 0.6 0.8 0.6 2.9 1 0.7 1 0.7 0.5 1.4 1.7 0.3 0.3 0.3 0.5 0.2 0.4 0.3 1.3 0.7 0.4 0.6 0.4 0.3 0.3 0.5 0.6 0.4 0.7 0.4 0.8 0.3 0.4 0.7 0.4 1.1 0.8 0.3 1 1.2 1.6 1.3 1 1.8 1.3 1.1 0.6 1 0.7 1.1 1.9 0.9 0.4 0.5 0.5 0.5 0.7 0.6 1.1 0.2 0.4 0.1 0.4 0.6 0.4 0.3 0.4 0.4 0.3 0.9 0.9 0.4 0.6 0.2 0 0.2 0.3 0.2 0.7 0.2 0.3 0.5 0.6 0.3 0.9 0.8 0.9 0.8 0.6 0.6 0.4 0.4 0.8 0.7 1.2 0.9 0.7
ENSG00000006459 5.7 3.3 5 2.7 3.5 3.6 3.7 4.4 5.4 4.3 17.8 5.1 2.8 2.5 2.9 3.9 2.5 4.3 4.1 2.4 2.8 3.8 6.7 3.9 4.2 5.3 3.9 4.5 3.5 4.6 3.2 3.7 5.6 4 3.4 3.9 5.3 4 4.1 4.4 2.1 12.3 1.7 2.1 5.1 3 3.5 2.8 4.5 8.9 4.8 4.3 4.8 5.7 6.7 4.7 7.1 7.3 6.8 16.9 10.6 4.4 5.9 6.4 7.8 4.9 4.8 8 13.5 7.6 6.7 5.9 4.8 8.5 4.7 14.7 5.8 5.9 7.8 4.5 6.6 7.9 14.4 3.7 6.5 3.3 5.3 4.5 4.5 5.7 4.6 5.6 5.5 4.9 6.6 5.6 4.9 3.3 6.7 5.3 6.9 6.6 5.8 5.8 5.6 7.9 9
ENSG00000006468 6.8 3.5 20.3 2.7 0.9 2 2.4 9.6 2 1.8 2 36.9 1.4 0.9 2.1 2 1.8 2 3.7 1.9 1.9 2.8 54.6 3.2 4.3 2.8 2.6 4.9 1 3.8 7.9 3.8 24.6 3.6 3.8 4.5 2.4 5.7 4.6 4.7 6.1 83.5 8.8 2 3.3 6.5 4.9 6.9 6.3 54.2 3.9 0.8 2.4 10.1 2.8 4.1 0.9 1.9 1.7 1.5 2 3.3 6 2.5 3 4.9 5 3.1 83.1 2.3 2.6 6.3 3.7 1.7 4.6 24.3 2.9 3.2 3.7 3.1 4.1 4.1 66 2.2 16.2 2 1.6 2.5 2.9 1.9 1.5 1.9 1.4 1.6 0.3 2.5 1.2 2.1 26.4 3.6 3.9 4 2.8 4.9 11 41.4 26.9
ENSG00000006530 8.6 8.4 13.2 10.7 13.8 8.2 6.7 10.3 4.6 4.4 9.3 10.9 10.2 7.3 8.8 7.9 7.9 7.9 9.8 6.6 7.1 7.9 10.4 9.4 9.9 10 9.2 14 8.8 11.9 11.1 10.8 14.5 11.3 10.7 10.9 9.7 10.7 11.5 13.7 9.1 13 6.6 6 6.2 8.3 9.9 12.3 14.2 10 14.8 9.5 12.7 10.2 10.3 15.6 9.8 9.1 9.1 10.4 9.8 11.3 13 10.9 12.8 12.4 8.2 7.9 17.4 10.4 11.5 10 11.2 8 11.8 18.5 15.8 15.9 12.7 17.6 11.5 10.4 18.7 10.3 8.3 12.8 9.4 12 7 10.9 10 21.3 19.5 17.2 17.3 19 17.3 15 17.5 14.4 15 13.8 14.3 11.5 11.5 21 18.5
ENSG00000006534 1.2 2.4 1.3 1.7 4.2 4.5 4 1.9 5.1 3.6 2 1.1 1.2 4.1 1.7 2 2.6 3.2 1.8 2.2 3.5 1.2 0.6 0.9 1.1 0.6 1.9 1.6 8.7 3.1 1.2 2.5 1.4 1.6 1.3 1.5 1.8 1.9 2.5 1.4 2.6 1 2.6 5.3 8.1 4.3 2.4 1.7 1.6 1 1.1 1 2.4 2.1 1.9 0.9 2.3 1.8 1.7 0.8 2.8 0.8 1 2.2 1 1.1 3.3 3.6 0.9 2.3 2.5 2 1.9 3.3 1.1 1.5 1.6 0.5 0.7 0.3 1.9 0.9 0.3 1.4 0.6 1.8 3.3 1 4.3 3.1 1.7 1.7 2 3.4 2.4 1.6 3.7 2.9 2.6 2.9 2 3.1 2.3 1.9 2.5 1.1 1
ENSG00000006555 0.3 0.3 0 0.1 0.1 0.7 0.1 0.1 0.2 0.1 0.1 0.1 0.1 1.3 0.5 0.1 0.5 0.2 2.2 0.4 1.7 0.3 0 0.3 0.5 0.1 0.3 0.3 0.3 0.2 0.4 1.7 0.1 0.1 0.3 0.3 0 0.1 1 0.2 0.2 0 0.1 0 0 0.6 0.1 0.2 0 0 0 0 0.1 0.6 0.2 0 0 0.1 0.1 0 0 0.2 0.1 0 0.1 0.2 1.4 0 0 0 0 0 0 0 0 0 0.1 0 0.1 0.1 0.4 0 0 0.1 0.1 0.2 0.3 0.1 0.1 0.3 0.2 0.1 0.2 0.1 0.1 0.2 0.2 0.5 0.1 1.8 1.2 2.1 2.6 1.6 2 0.2 0.3
ENSG00000006576 4.2 2.8 3.1 3.2 4.4 3 1.9 2.7 1.6 1.8 4.2 4.5 4.6 2.5 4.4 3.9 3.7 3.8 3.6 2.4 2.2 3.4 4.4 3.1 3.8 3.6 3.1 6.2 4.1 5.2 3.9 3.7 4.7 4.8 3.9 4.3 4.5 5.4 5.2 5.3 1.9 5 0.6 2.5 3.5 2.3 0.8 2.9 1.9 2.7 2.9 2.5 4.3 3.3 1.8 2.1 6.4 4.2 5.7 5.1 6 6.1 7.3 7.5 6.3 7.5 4.4 10.2 6.7 10.4 7.7 5.2 4.9 9.3 7.2 4.9 5.6 5.3 4.3 4.3 6.2 7.5 7.1 3 3.2 3.3 2.1 2.9 2.1 3.3 2.5 5 4.8 4.3 5.3 4.3 5.2 3 3.9 4.9 6.3 4.5 4.6 5.3 4.2 4 4.2
ENSG00000006607 3.4 2.8 5.7 3.1 3.8 2.8 3.1 4.3 2.4 2 5.1 4.3 2.6 1.7 1.6 2.4 1.1 3.9 4.4 1.4 2.6 2.6 6.4 3.1 3.2 2.8 2.8 1.8 1.8 1.8 4 3.1 4.1 2.5 2.3 2.7 2.3 2.7 3.3 3.2 3.8 3.4 3.3 3.6 3.4 4 1.7 3.3 3.4 3.9 2.1 2.8 2.6 3.6 2.4 2.8 4.4 3.2 3.2 2.6 3.8 2.5 4.1 2.4 3.5 3.2 2.9 4 7.5 5 3.5 2.5 2.1 2.9 3.3 7 2.5 2.3 2 1.7 3.9 4.4 5.9 4.5 8.4 2.8 4.1 3.1 3.2 2.4 3 2 1.6 1.7 1.3 2 3 3.3 3.9 1.8 2.5 3 3.3 4 3.3 5.6 4.2
ENSG00000006611 4.3 2.9 0.8 3 13.9 7.9 6.8 0.3 1.9 1 20.4 0.5 0.8 9.1 1.3 4.2 3.1 16.9 1 1 6.7 2.2 0.1 1.1 0.7 0.8 1.8 1.4 5.4 5.7 0.5 8.7 0.5 1.8 1.2 1.5 1.6 0.7 3.8 1.5 2.6 0.3 4 13.1 2.9 6.8 4.4 1.9 2.5 0.8 0.5 6.2 1.1 2.7 0.7 1.3 6.1 1.2 4.3 0.5 7.1 1.9 2.2 2.9 1.8 3.1 7.3 7.5 0.6 1.8 2.1 1.4 1.1 5.7 2.1 0.6 1.7 1.4 1.4 2.3 6.8 6.1 0.8 1.9 0.4 1.5 7.4 1.8 3.1 1 2 0.2 0.3 0.7 0.2 0.4 0.4 6.6 1.4 6.8 5.1 10.7 4.5 10.7 12.1 2 1.4
ENSG00000006625 17.7 14.8 11.4 15.9 7.4 10.5 11.7 11.3 18.4 13.1 16.2 14.3 21.2 22.5 34.4 20.9 31.4 12.1 12.6 30.4 16.2 41.7 13.2 27.7 25.1 19.3 29.7 25.4 18.4 19.8 25.4 14.7 17.2 24.4 27.4 26.3 15.1 26.2 14 22.1 12.4 10 12.9 9.1 5.9 6.8 11.8 15 12.9 11 14.5 14.6 12.1 7.6 9.5 12.2 2.8 2.5 3.2 11.7 4.1 13.5 13 13.1 7.5 15.2 9.5 7.3 6 7.4 6.5 10.3 10.5 11 5.9 9.5 11.7 9.1 7.2 15.4 7.1 6.2 6.5 21.5 9.7 18.4 19.2 16.5 27.4 10.1 16 15.2 13.3 14.5 9.4 15.2 8.3 10.5 8.2 6.4 5.4 5.1 5 5.2 3.5 5.2 5.5
ENSG00000006638 0.6 1 0.4 0.6 0.8 1.2 1 2.3 6.8 6.5 0.2 0.5 1.1 1.5 1.9 1 1.6 0.5 0.7 3 1.5 1.2 0.2 0.6 0.5 0.3 0.4 0.6 2.9 0.7 0.7 1.7 1 0.5 0.5 0.6 1 0.7 0.8 0.8 1.1 0.3 1.3 0.4 0.6 0.7 0.4 0.4 2 0.4 2.1 1.6 0.6 1 1.3 1.6 1 1.3 0.6 2.4 1.4 1.1 0.7 0.9 0.6 1 0.5 1 0.1 0.6 0.4 0.5 0.7 0.4 0.7 0.3 0.9 0.6 0.7 0.7 0.3 0.2 0.1 0.9 0.3 1.2 1.5 0.3 1.2 0.4 0.5 1 1.3 0.5 0.8 0.5 0.7 0.9 0.1 2 1 2.3 0.6 1.6 2.7 0.4 0.5
ENSG00000006652 10.1 13.3 9.9 13.7 20.1 16.4 10.2 11.7 14.6 10.5 20 8.1 9.6 21.6 12.4 10.4 11.7 16.7 22.8 9.8 10.5 22 31.9 14.4 17.7 17 18.1 17.4 19.3 14.5 10.4 16.5 11.5 12.6 13.6 15.2 13.5 16.4 18.5 15.6 5.8 12.8 3.8 7.5 8.1 9.1 6 8.1 7.7 7.9 8.7 8.9 8.3 9 6.9 6.5 11.4 10 12.3 23.9 12.5 8.1 10.1 11 9.7 10.9 9.2 11.8 11.6 17.7 14.5 14.4 16.3 18.5 14.8 22.6 11.7 10.5 10.7 9.7 11.7 11.2 12.4 13.2 4.5 12.1 28.7 12.7 15.9 10.6 8.6 13.6 12.4 12 10.1 10.6 16.2 13.2 6.5 6.1 5.2 5.2 5.7 5.9 6.1 4.8 7.4
ENSG00000006695 4.5 3.4 4.1 3.3 2.1 3.3 3.7 4 2.7 3.4 4.5 4.2 3.2 5.3 3.3 3.5 2.9 3.9 3.7 3.5 3.7 5.2 5.3 5 4.5 5.3 5.2 4.2 5.4 5.1 4.4 3.7 4.7 5.1 5.2 4.3 4.3 4.3 3.2 4 5.8 5.3 5.9 4.9 4.2 4.4 6.1 9.3 3.6 3.1 5.9 2 4.3 4.3 5.8 3.8 5.1 6.6 3.9 8 6.6 6.5 7 7.3 7.1 6.4 3.6 4.2 7.1 5 3.6 4.7 5.9 4.7 3.5 7.5 4.8 5.7 4.6 4.8 3.5 3.4 6.5 2.6 4.5 4.3 5.3 5.9 4.5 5.2 3.5 5.6 5.2 5.5 5.7 5.7 4.6 5.4 7.6 5.2 4.6 5.8 4.9 3.9 4.6 5.2 4.6
ENSG00000006715 26.1 18.8 8.9 19.7 15.8 16 15.2 8.7 17.5 18 17.4 11.6 24 16.6 17 20.6 16.8 16 14.5 19.6 14.5 23.2 11.6 30.2 31.6 32 24.7 31.9 22.8 19.8 28.8 19.3 11.8 27.4 23.9 26.2 19.9 24.2 19.3 31.2 20.8 16.4 22.8 23.3 21.5 23.9 27.8 34.5 25.6 12.1 24 24.4 21 20.9 22.4 25.5 23.5 22 22.6 17.8 28.7 26.3 33.1 24 24.8 30.3 23.4 28.2 13.6 25.4 27.1 31.6 27 43.5 29.1 13.3 25.5 32.2 25.6 32 27.6 28.7 13.5 19.5 9.9 19.7 20.2 20.1 16.2 20.6 19.4 36.2 32 30.4 26.1 31.7 18.3 22 13.8 14.9 14.7 15.9 15.3 12.8 12 6 8.6
ENSG00000006740 31 17.2 26.9 18.3 3.8 4.6 11.2 16.9 3.5 3.5 30 27.3 23.7 18.5 24.4 20.9 20.3 23.9 28 19.8 14.1 25.8 28.1 38.4 36.2 41.3 39.3 24.4 12.2 15.4 28.8 14 23.9 23.4 25 25.1 15.4 23.1 11.5 22.2 47 36.3 96.4 16.5 24.4 16.5 69 51.7 50.6 34 44.4 36.2 30.6 14.1 44.7 48.8 4 3.3 5.3 25.4 2.1 34.1 33.4 33.7 36.1 29.7 15.7 12.6 34 11.6 24.3 22.8 26.9 5.1 14.7 29.2 27.3 33.9 23 35.7 10.5 18.5 26.9 28.9 21.3 26.2 18 32 8.4 30.7 31.7 25.1 24.4 24.4 18.2 23.3 15.3 24.6 17.6 20.7 20.3 21.4 22.8 17.8 14 22.6 25.7
ENSG00000006744 10.9 9.7 9.1 8.3 9.1 8.9 8.8 8.7 11.9 11.6 10.1 8.1 9.1 9 10.7 7.5 8.9 9.2 9.1 9.3 9.1 10.8 7.1 10.5 9.1 9.8 11.1 8.9 9.8 8.4 12.5 9.3 9.4 10.5 10.5 10.3 8.9 9.6 9 7.7 8.8 4 7.3 6.6 8.1 5.9 7.7 7.1 5.9 3.2 4.1 3.2 4.5 4 4.9 4.6 6.3 6.5 5.7 4.3 6.2 5.2 6.1 5.4 5.7 6 4.9 5.4 8.1 5.1 4.5 4.2 3.9 4.4 4.5 4.7 4.3 4.2 3.8 3.9 4.5 3.8 5.8 4.5 7.4 5 5.1 6.7 5.8 4.9 5.5 7.3 6.9 7.2 7.8 6.2 8 6 10.5 4.7 3.5 4.5 4.7 4.7 4.4 5 5
ENSG00000006747 1.4 0.8 1.2 0.4 0.5 2.7 1.5 0.9 3.9 1 2.4 0.8 0.2 1.9 1 0.5 1.1 1.7 13.5 0.8 2.4 13.9 7.6 7.6 7.8 4.8 9.4 0.5 1.5 0.5 0.2 1.4 0.1 1.3 0.6 0.5 0.7 1.5 1.4 0.6 0.2 0.2 0.4 0.6 0.8 1.2 1.3 0.3 0.1 0.5 0.1 0 0 0.2 0.2 0.3 0 0.2 0.1 0.1 0.1 0 0 0 0 0 0.8 0.4 0.4 0.2 0.1 0.2 0 0.2 0 0.2 0.1 0.1 0 0.1 0.2 0 0.3 0.3 0 0.2 1.4 0.1 0.7 0 0.1 0.3 0.4 0.2 0.2 0.3 0.3 0.1 0.1 1.2 1.3 0.9 0.5 0.4 5.9 0.9 1
ENSG00000006756 2.3 2.7 1.9 2.4 3 2.8 3.9 3 4.1 6.5 2.3 2.1 1.3 6.3 1.6 2.3 2 3.2 0.9 1.5 2 1.4 2.1 0.9 0.8 0.6 1.3 1.3 1.8 1.9 2.1 4.4 1.6 2.5 2 2.7 3.1 1.9 2.4 1.7 0.7 0.1 0 0.1 0 0.2 0 0 0.3 0 0.2 0.4 0.2 0.5 0.1 0.2 0.1 0.2 0.2 0 0 0 0.1 0.1 0.1 0.4 0.4 0.1 0.4 0 0 0.2 0.1 0.2 0 0.1 0 0.3 0.1 0.1 0.2 0 0 0.8 1.2 1.5 0.5 1.7 1.8 2.4 2.6 0.9 2 1.3 1 1.6 2 1.8 1.3 0.9 1.8 2.4 0.7 2.7 3.4 1.7 1
ENSG00000006757 5.2 5.8 3.7 4.7 4 7 4.6 3.2 8.5 9.5 7.6 3.3 5 16.3 4.9 6.1 6.6 5 5.3 9.4 10.2 5.9 3.1 4 4.4 3.1 3.9 6.2 8 5.8 5.8 7.3 3.4 5.7 6.3 6.6 4.2 5.8 6.4 6.2 1.6 1.5 2 2.2 1.8 3.5 2.2 1.4 3.7 2.5 3 4.4 2 3.6 3.3 3.5 1.1 1.6 2 1 1.2 3 2.4 1.9 2.8 2.3 5.2 2.4 1.9 0.5 1.4 2.5 2.2 2.2 1.3 0.7 2.2 4.5 3.5 4.4 5.1 3.8 1.8 3.7 4.3 3.5 3.7 2.6 5.2 2.8 3.2 2.7 2.5 2.4 3.1 2.9 4.3 2.4 2.9 2.8 2.2 2.9 2.5 2.3 1.2 1.5 1.9
ENSG00000006788 0 0 0 0 0 0 0 0 0.2 0 0 0 0 0 0 0 0 0 0 0 0 0.1 0 0 0.1 0 0.1 0 0 0 0.1 0 0 0 0 0 0 0 0 0 0.2 0 0.2 0 0 0 0.1 0.1 0.2 0.1 0 0.1 0.1 0 0.1 0.1 0.1 0 0 0 0 0 0.1 0 0.1 0 0 0 0.1 0 0 0 0.1 0 0 0 0.1 0 0 0.2 0 0 0 0.2 0 0.2 0.1 0.1 0 0 0.1 0.1 0 0.1 0 0 0.1 0.1 0 0.1 0.1 0 0.1 0.1 0.5 0 0
ENSG00000006831 32.9 31.8 19.4 47.4 104.5 75.5 46.7 30.2 75.7 63.8 26.8 16.6 24.2 25.4 20.8 28.7 21.3 44.6 37.7 21.8 40.9 18.4 13 15.3 21.4 17.9 18.8 17.3 20.8 22.8 12.7 28.4 16.4 19.3 25.8 19.4 31 18.1 54 15.7 29.4 14.5 27.8 57.6 89.6 46.8 53.2 16.7 33.3 10.9 29.2 61.4 41.1 58 40 55.3 144.3 106.4 107.4 37.3 122.2 22.7 21.7 44.2 21.6 20.8 30 119.7 13.5 157.1 116.3 78.8 54.4 218.4 134.2 21.4 63.4 39.2 59.6 31.2 81.8 109.5 14.4 32.9 19.2 30.8 60.2 32 48.4 33.3 29.2 20.9 21.2 40.7 19.6 18.4 53.8 33.4 9.7 17.5 14.2 16.1 15.6 14.8 20.2 8.9 13.5
ENSG00000006837 0.5 0.8 0.8 0.6 1.9 1 1.1 1.1 0.6 1.2 0.5 0.9 1 0.7 0.6 0.6 0.8 1.1 0.5 0.7 0.6 0.5 1 0.8 0.7 0.9 0.7 0.7 0.3 0.9 0.8 0.6 1 0.7 0.6 0.6 0.9 0.9 0.7 0.6 0.1 0.3 0.8 0.6 0.4 0.3 0.3 0.2 0.6 0.6 0.7 0.4 0.5 0.8 0.4 0.8 0.2 0.6 0.2 0.1 0.4 0.7 0.6 0.8 0.7 0.6 0.5 0.9 0.3 0.9 0.8 0.8 0.5 0.5 0.7 0.6 0.5 0.3 0.4 0.3 0.9 0.8 0.5 0.6 1.6 0.6 0.5 1 0.9 0.5 0.8 0.6 0.4 0.5 0.4 0.5 0.5 0.2 0.6 0.3 0.4 0 0.1 0.2 0.5 0.3 0.2
ENSG00000007001 3.5 2.6 1.6 2.8 1.2 1.4 1.5 2.7 1.4 1.2 3.6 1 3.8 3.5 3.2 2.9 5.1 4.8 1.6 4.5 2.4 3 0.8 3 2.6 3 2.7 4 1.6 2.5 3.8 2.5 2.3 2.4 2.3 3.1 2.2 4.3 1.9 3.2 0.8 0.5 0.8 0.5 0.1 0.9 0.3 0.6 1.4 2.5 0.9 1.4 0.4 1 0.6 0.8 0.2 0.1 0.4 0.2 0.6 0.7 1.2 0.4 0.7 1.1 1.2 0.4 0.4 0.3 0.2 0.6 0.6 0.1 0.5 0.8 0.3 0.4 0.3 0.5 0.4 0.7 1 4.9 2 4.9 5.1 3 0.5 5.2 4.6 6.6 6.8 4.9 6.5 7.2 3.3 7.5 3.7 1.2 1.6 1.6 0.7 1.4 3.5 1.3 1
ENSG00000007038 0.1 0.1 0.1 0 0.1 0.2 0 0.1 0 0.2 0.2 0.2 0.3 0.2 0.3 0.2 1 0 2.6 0.8 0.7 0.9 0 0.9 1.1 0.5 1.5 0.1 0.2 0 0 0.2 0 0.1 0 0.2 0.4 0.2 0.4 0 0.1 0 0.4 0 0 1.1 0.6 0.6 0 0 0 0 0 0 0 0 0 0 0 0 0 0.2 0.1 0.1 0.1 0.1 0.3 0.2 0 0 0 0 0.5 0.1 0 0 0 0 0 0 0.1 0 0 0 0 0 0 0.3 0.3 0 0 0.1 0.1 0.3 0 0 0 0 0 1.4 0.6 0.5 1.2 0.7 0.7 0.9 1.5
ENSG00000007062 1.2 0.9 0.2 0.6 0.4 1 1.3 0.6 1.9 2.5 0.9 0.4 1.3 1 1.2 1.3 1.3 2.2 0.3 1.8 2 0.5 0.1 0.7 0.5 0.3 0.4 1.3 0.5 2.1 1 1.7 1 0.6 0.8 0.6 2 0.9 1.1 0.8 1.7 0.7 1.1 1.7 3.7 2.9 0.5 2 1.8 0.3 2.7 4.4 2.9 5.1 3.2 1.8 5.7 8.1 5.7 3.3 7.8 1.3 1.2 1.8 1.3 1.8 1.2 1.9 0.8 1.4 2 2.7 1.6 1.3 2.5 0.5 4.3 3.1 5.1 2.2 6.9 8.3 0.7 1.8 0.9 1.6 2.5 1.8 2.8 1.1 1.6 2.4 2.7 2.4 2.1 2.5 3.4 1.9 0.5 1.7 2 1.2 1.1 1.5 2 0.6 0.7
ENSG00000007080 54.7 72.4 52.2 68.1 77.3 73 91.3 66 111.9 91.4 50.2 56.9 79.4 82.7 96.2 93.5 104.7 63 56.3 122.6 90.5 69.8 29 67.5 57.5 57.3 71.1 53.4 73.1 62.3 93.1 57.5 69.2 45.2 86.3 62.2 71.5 69.3 47.8 49.3 272.5 79.1 374.8 205.3 213.3 140.8 368.6 120 148.7 85.6 172.4 174 105.1 69.5 188.2 182.3 77 86.3 88.3 142.6 96.8 93.7 59.5 107.2 58.6 55.1 88.9 78.4 27.6 80.4 80.2 96.9 126.2 124.1 107.5 53.9 107.7 102.3 106 140.8 76.6 113.7 35.7 116.6 79.8 120.6 133.2 105.6 75.6 91.5 143 57.6 62.4 76.9 55.7 77.4 59.9 80 43.5 160.4 180.1 201.5 176.8 159.1 91.6 78.4 54.7
ENSG00000007168 71.8 22.1 33 26.6 32.8 24.9 18.3 27 29.7 24.3 87.1 33.5 20.2 21.5 17.2 18.9 14.3 37.9 34.4 12.3 18.3 42 57.3 73.7 65.3 79.8 32.5 31.1 13.9 19.6 42.5 34.1 31.1 55.8 33.7 51.7 30.7 39.6 34.9 46.4 32.2 64.5 38.6 26.7 37.6 34.2 37.4 82.1 41 41.6 29.4 24.7 29.5 34.8 27.3 38.2 37.7 34.3 32.1 35.8 32.4 45.4 79.3 36.8 67.2 68.6 33.3 39.1 86.4 55.3 40.5 36.2 23.8 43.7 28.8 50.5 35 40.2 36.8 30.2 45.1 42 67.2 20.8 11 17.8 17.6 25 11.8 21.8 21.6 35 28.9 29 19 26.3 11.2 20.1 15.9 14.9 22.8 18.8 15.6 23.5 19.5 14.1 14.8
ENSG00000007171 1 1.5 0.6 2.6 0.4 0.3 1 0.3 0.3 0.4 0.6 0.3 2.4 0.2 1.3 1.8 1.4 0.8 0.7 1 0.2 1.1 0.7 6.4 2.9 3.7 3.5 1.3 0.9 1.3 1 0.8 1.1 3.9 2.8 2.3 0.9 0.5 0.1 2.3 0.9 0 2 0.1 0.2 0.1 0.3 1.7 1.3 0.2 1.3 0.1 0.7 0 0.5 1.3 0 0.2 0 0.1 0 1 1.4 0.8 0.9 0.8 0.3 0.2 0.3 0.3 0.6 0.3 0.3 0 0.3 0 0.6 0.9 0.2 0.4 0 0.1 0.3 1.2 1.1 0.8 1 1.5 0.8 0.8 1.1 2.4 2.4 3.5 2.9 2.3 3.5 2.6 2.3 0.3 0.5 0.3 0.7 0.1 0.3 0.3 0.4
ENSG00000007202 20.3 11 10.7 10.7 8.8 10.4 11.4 8.8 13.1 15.6 17.5 10.8 11.6 20.1 12.1 12 12.2 16.4 12.1 12.3 12.6 12.1 11.1 17.6 15.9 14.4 11.3 8.9 5.1 8.1 14.6 12.1 9.5 15.2 11.9 16.5 9.5 13.2 11.3 13.2 22.4 10.9 35.2 15.8 16.2 17.4 13.6 19.4 20.9 11.1 12.4 15.9 12.4 12.1 13.4 12.8 11.2 9.5 10.4 9.9 8.6 12.3 15.2 11.3 12.9 14.7 12.7 10.2 14.9 11.6 9.6 13.9 10.1 10.8 9.4 9.8 10.3 11 10.2 12.5 15.1 16.7 12.5 23.3 20.2 20.5 22.7 22.5 20.2 22.5 19.1 14.8 14.5 12.9 14.7 14.1 11.5 15.8 15 11.9 13.4 14.2 11.8 12.5 15.4 10.9 12.4
ENSG00000007216 0 0 0 0 0 0 0 0 0 0 0.1 0 0.1 0.4 0 0.1 0 0 0.1 0.1 0 0 0 0 0 0 0 0 0 0 0 0 0 0 0 0 0 0 0 0 0.1 0 0 0 0 0 0 0 0.1 0 0 0 0.1 0.2 0 0.1 0.1 0 0 0 0 0 0.1 0 0 0.1 0.1 0 0 0 0 0 0 0 0 0 0.1 0.2 0 0.1 0 0 0 0 0 0 0 0 0 0 0 0 0 0 0 0.1 0.2 0 0 0.1 0.1 0.2 0 0.1 0 0 0
ENSG00000007237 139.3 44.4 95.5 78 90.8 52.9 46.2 77.9 33.3 34.3 73.3 139.7 63.3 37 46.9 62.3 40.8 60.4 123.3 38.7 59.8 71.3 117.6 137.4 120.5 137.9 82.9 65.6 25.9 42.8 72.3 54.2 84.5 103.7 85 92.4 61.2 62.5 77.1 82.3 168.9 294 213.6 129.7 185.7 157.6 207.7 153.1 204 250.6 139.8 163.3 134.7 141.8 202.8 266.3 201.9 133.1 127.8 90.1 185.5 118.3 131.7 104.1 145.6 127.1 108.2 199.7 180.4 242 188.2 111 90.6 304.3 174.6 176.6 152.7 146.9 161 128.4 194.3 241.8 197.8 134.4 189.9 126.3 119.9 120.1 78.9 131.4 135.1 121.7 116.9 120.3 113.2 120.2 118.8 119.8 185.4 85.1 104 108.2 140.1 94 60 128.3 119.3
ENSG00000007264 24.2 30.3 2.3 24.3 4.4 13.3 33 1.5 7 5.7 16.5 2.5 38.9 19.7 42.5 40.3 41.3 32.1 18.5 52.7 27.2 18.5 2.1 31.1 23.1 32 30.5 22.3 17.4 31.2 28.2 18.5 2.2 22.3 33.7 24.6 34.2 22 9 20 61.6 2.1 161.3 50.1 55 27.8 117.5 31.1 48.4 3.4 52.4 62.7 31.4 10.8 47.5 58.2 6.7 8.5 7.4 10.9 2.5 25.6 15.3 28.9 19.4 11.8 18.3 3 3 11.9 20 22.6 24.7 5.4 21.4 1.9 21 23.2 31.7 31.1 7.8 30.9 1.8 32.8 5.5 45.6 38 38.6 22.7 37.1 51.6 26 28.4 28.6 29.8 25.6 20.8 31.3 1.7 23.7 22.8 25.6 32.5 24.5 16.7 4.5 5.4
ENSG00000007312 0 0.1 0.2 0.2 0.1 0.1 0.7 0.4 0.5 1.1 0.2 0.2 0.2 0.9 0.2 0.2 0.7 0 0.2 0.6 0.4 0 0 0.2 0.1 0.1 0.2 0.1 0.9 0.5 0.2 0.2 0.2 0.1 0.2 0.2 0.4 0.1 0 0.2 0.1 0 0.2 0.2 0 0 0.2 0.2 0 0.2 0.1 0 0.3 0.1 0.2 0.3 0.3 0 0.4 0.1 0 0.3 0.5 0.3 0.1 0.1 0.6 0.2 0 0 0.1 0 0.1 0 0.1 0 0 0 0 0 0 0 0.1 0 0 0 0.3 0.2 0.2 0.4 0 0.2 0.1 0.1 0.2 0 0.1 0.1 0 0.3 0 0.1 0 0 0.7 0.1 0
ENSG00000007314 0 0.2 0.2 0.1 0 0.1 0.2 0.1 0.2 0.3 0.2 2.1 0.1 0.1 0.2 0.1 0.2 0.1 0 0.2 0.2 0 1.2 0 0 0 0 0.1 0 0.1 0.1 0.2 0.6 0.1 0 0.1 0.1 0.1 0.2 0.1 0 0 0 0 0 0 0 0 0.1 0 0 0 0 0 0.1 0 0 0 0 0 0.1 0 0 0 0 0 0 0 0.1 0 0 0 0 0 0 0 0 0 0 0 0 0 0 0.1 0 0.1 0 0 0 0 0.1 0.1 0 0 0 0.1 0 0 0 0.9 0.6 1.7 0.6 0.6 0.7 0 0.1
ENSG00000007341 1.3 1.9 2.7 2 2.1 2 2.5 2.8 2.1 2.3 1.5 2.8 1.8 2.1 2 2.2 2.3 2.1 1.6 1.9 2.1 1.6 2.4 1.7 1.6 2.1 1.8 1.6 2.6 2.1 1.5 2.1 2.6 2.1 1.7 2.1 2.4 2.4 2.2 1.8 1.3 2.6 2 2.1 2 2 1.9 1.8 2.2 3.6 1.4 2.1 1.8 2.5 1.5 1.8 2.3 1.5 2.5 2.1 1.2 2 2.3 2 2.5 2.4 2.3 2.5 3.1 2.6 2.7 1.6 2.2 2 2.1 3 1.4 1.6 1.7 2 1.9 1.9 3.2 2 3.5 2.6 2.5 2.1 3.3 3.6 1.9 2.1 2.1 2 3.3 2.3 2.7 2.1 3.9 1.8 2.2 2.1 1.6 2.4 3 3.2 2
ENSG00000007350 0.1 0.1 0 0.1 0.1 0.2 0 0.1 1.1 0.7 0.3 0 0.8 0.8 0.9 0.5 0.5 0.1 0 0.8 0.1 0.5 0.1 0.3 0.2 0.1 0.4 0.2 0.1 0.2 0.1 0.2 0 0.2 0.1 0.1 0.1 0.1 0.5 0.1 0.1 0 0 0.1 0.1 0.3 0.2 0.1 0.1 0.2 0.1 0.2 0.2 0.2 0 0 0 0 0 0.1 0 0 0 0.1 0 0 0.3 0 0 0 0 0 0.1 0.1 0 0 0 0 0 0.1 0.1 0 0 0.1 0 0 0.1 0 0.3 0 0 0.1 0.1 0.1 0.1 0 0 0.2 0 0 0 0 0 0.1 0.5 0.2 0.3
ENSG00000007372 3.8 8.7 31.9 5 7.1 8 7.6 28.8 9.2 11.2 4.2 28.2 6.1 5.5 9.1 5.8 9.2 7.5 2.8 10.8 7.3 2.6 28.4 1.2 1.7 1.1 1.6 6.2 3.8 7.1 4.5 7.5 28.3 4.5 4.4 5 4.4 5.4 5.2 4.8 3 36.7 5.9 5.6 2.6 4.7 2.6 1.2 4.4 29.9 4.4 4.3 2.8 2.6 3.8 3.6 5 5.9 6.2 3.6 3.7 3 2.3 2 2.1 3.4 5 3.6 33.3 5.9 4.9 9.9 9.7 8 6.6 36.7 4.8 4.7 6.1 7.5 6.6 6.8 43.5 5.8 43.3 6.8 6.8 5.6 12.8 4.4 5.9 2.4 2.2 2.1 1.2 3.5 1.9 3.2 42.5 7.6 7.7 7.8 6.7 8.9 5.2 42.1 39.9
ENSG00000007384 2.3 9.1 4.8 6 6.2 11.4 11.4 15.1 29.8 23 7.6 6.5 7.2 8.6 7.9 5.3 8.5 9 3.9 10.4 10.8 4.6 2.9 3.4 3.3 2.4 3.3 2.7 14.5 6.8 2.8 7.5 7.7 3 3.7 2.9 5.5 4.2 5.7 2.8 6.1 1.3 5.9 3.5 2.5 7.2 2.4 3.4 5.4 1.6 4.4 5.7 5.2 6.1 5 5.9 10.2 18.9 11.3 6.4 8.2 3.5 2.6 2.7 2.7 2.6 5.6 1.5 1.2 4.6 2.6 5 5.6 1.6 7.5 3.8 3 2.6 2.9 3.4 2.9 2.2 2.2 0.2 0.1 0.5 0.3 0.4 0.4 0 0.4 0.2 0.1 0 0.1 0 0.1 0.2 0.3 21.8 19.1 18.3 18.4 18 18.4 13.9 12.7
ENSG00000007392 11.1 19.3 28.6 22.3 24.6 15.4 19.2 30.5 15.9 15.7 21.7 21.2 21.1 14.3 18.2 18.4 19 22.8 13.1 16.3 16 15 19.5 14.4 14.1 14.9 14.2 22.5 20.5 35.6 18.8 25.1 31.9 18.9 19.1 19.3 27 25.4 21.1 23.3 16 10.6 10.5 19 16 14.2 15.9 15.8 11.6 16.4 9.5 11.7 21 12.7 9.6 8 26 27.9 27.1 19.4 24.6 27.3 24.9 26.7 29.6 28.7 21.8 24 27.6 25.1 19.9 15.7 21.5 9.7 23.6 25 12.3 14.1 10.9 11.5 11 12 30.7 22.6 41.5 25.4 16.1 21.2 14.4 25.8 20.3 43.1 47.5 35.2 62.8 44.9 44.9 40.3 54.1 23.8 25.7 18.7 25.4 27.8 29.2 41.9 46.3
ENSG00000007402 4.8 4.9 16.5 5.5 2 3.2 8 7.7 1.7 1.2 1.6 18.2 7 4 5.8 8.9 6.1 1.7 11.7 4.1 10.3 2.8 17.3 9.1 7.2 9.5 6.3 3.4 2.6 5.5 3.8 6.3 10.3 4.3 4.4 4.6 5.2 3.3 4.3 4.3 4.7 9.8 1.9 0.9 1.3 4.6 1.7 7.3 2.3 10.8 4.8 0.1 6.3 12.3 6 2.9 1.3 1.4 1.6 2.5 1.1 5.4 4.1 4.9 8.6 4.2 5.3 1.7 16.9 1.5 3.5 1.7 3.3 1 1.5 9.7 2 2.7 2.3 1.9 2.6 0.6 9.1 8.1 17.8 9.3 3.4 10.7 4.9 15.3 9.5 5.5 6.6 5.7 8.3 4.5 10.4 2.6 18.7 7 7.1 6.8 9.6 5.1 4.9 20.5 16.1
ENSG00000007516 35.2 70.3 1.2 64.9 40.3 20.8 21.2 0.4 4.5 7.1 22.8 0.8 83.2 57.5 96.3 26.1 77.1 47.7 4.1 70.1 7.5 75.7 0.7 83 54.6 18.7 62.8 43.3 27.7 9.5 85.4 23.8 0.4 36 29.8 30.9 1.6 32.8 2.3 37.8 63 0.4 68.9 24.6 6.2 19.4 2.6 36.1 36.8 0.2 9.3 37.6 9.5 12.6 1.7 17.2 0.8 1.8 0.8 0.7 0.3 8.7 12 2.3 1.4 24.3 16.7 6.5 0.2 4 4.7 1.9 16.2 1.1 13 0 9.7 16.1 1.4 43.1 10.4 19.1 0 66.6 0.8 42.1 52.1 23.9 7.7 5.8 39.2 15.9 16.5 11.3 5.3 40 10.2 62.4 0.5 19.7 17.5 10.9 4.2 32.6 56.7 0.8 1
ENSG00000007520 41.4 35.6 29.3 32.1 44.7 45.7 34.3 39.1 65.6 59.8 33.6 26.1 39.5 37.6 32.6 34.1 33.2 41.9 45.1 40.2 44.8 31.3 15.3 27.7 26.2 24 35.3 24 44.5 27.3 45.6 37.8 42.8 28.8 31.4 31.9 22.6 25.5 25 25.6 43.7 16.6 61.3 46.6 39.3 34.9 54.8 25 35.4 23.6 26.4 34.7 19.8 17.6 26.7 31 16.1 16.8 12.9 21.3 13.7 20.8 8.6 19.1 11.6 12.3 27.5 21.5 9.3 15.1 14.5 21.9 23.2 26.2 19.2 13.6 16.9 14.7 17.8 17.6 20.2 21.1 7.1 48 45.4 54.9 58.6 46.2 58.9 35.6 49.1 22.6 22.4 29.3 14.6 27.7 20.9 25.7 16.9 11.3 7.7 8.9 8.4 4.9 3.9 4.8 6.5
ENSG00000007541 13.3 20.5 19 18.7 13.2 14.1 20 19.4 18.3 19.4 10.7 16.1 25.9 19.4 22.3 22.5 22.4 14.5 10 25.4 21.1 9.4 8.8 12.1 9.8 10.6 12.3 9.9 14.6 13.6 14.8 11.8 16.8 11.7 11.8 11.6 13 10.7 8.4 9.7 17.2 7.7 24.2 12.3 10 7.8 14.2 13.9 13.6 9.1 11.6 13.3 10.7 5.7 11.9 10.9 7.4 6.9 6.1 9.7 6.3 8.5 6.2 8.1 8 7 5.6 5.2 5.6 6.4 5.8 6.7 8.3 6.2 7.1 5.9 5.3 6.2 5.8 7.2 3.2 6.4 3.5 8.7 12.2 11 9.8 9.9 7.7 9.5 11.5 7.1 7.3 7.7 7.9 6.7 6.2 7.6 8.3 22.7 22 23.9 28.2 23.3 15.1 16.5 14.4
ENSG00000007545 3 4.4 14.7 4.3 5 4.6 4.3 9.6 4.1 5.1 3.5 12.3 4.7 5.4 4.5 4.7 4.8 4.5 3.6 5.5 4.1 3.5 11.7 4 3.2 4.2 3.5 3.4 4 4.2 2.9 3.2 11.4 3.7 4 3.7 4.5 3.7 3.7 3.2 4.3 8.1 6.3 3.1 4.4 2.7 4.2 2.8 6.1 11.4 5.1 5 4.7 3.2 5.3 5.8 5 4.4 3.7 6.1 4.2 3.2 3.3 3.7 3.8 3.4 2.8 3.9 11.6 5.1 5 4 4.9 4.4 4.5 16.6 3 3.9 4.1 4.3 2.7 3.7 12 3.8 5.7 3.3 3.3 3.1 4.1 4.7 3 2.9 3.5 2.6 3.9 2.9 3 3.8 5.4 3.4 2.6 2.6 3.3 3.8 3 7.2 9.5
ENSG00000007866 0.9 4.4 2.3 3.2 3.4 6.5 5.8 8.1 19.8 13.8 5.3 1.3 3.4 3.8 3.4 2.4 4.4 3.7 4 5.1 4.3 14.4 1.9 1.8 1.6 1.3 2.8 1.3 8.2 3.4 1.1 3.2 1.7 1.7 1.4 1.6 2.2 1.3 2.7 1.1 2 0.5 1.3 2.6 1.2 1.6 1.7 0.2 1.5 1.5 1.5 1.5 1.2 2.7 4.3 1.8 1.7 2.9 2.7 2 2.1 0.5 0.3 0.6 1.1 0.4 1.1 0.2 0.3 1 0.6 1.2 1.9 1.1 1.2 1 1.4 0.9 1.1 1.1 1.1 1.3 0.5 2.2 1.1 2.8 6.1 1.6 7.4 2.1 2.7 1.2 1.3 0.5 0.9 2 1.6 2.1 0.8 3.8 2.5 1.9 1.9 4 3.6 2.1 1.3
ENSG00000007908 0.1 0 0 0.1 0 0.1 0.1 2.1 6.6 3.4 1.9 0.1 0.3 1.2 0.7 0.2 0.4 2.1 30.2 0.4 0 82 44 38.1 38.7 33.5 49.5 0.5 0.8 0.6 0.3 0.8 0.9 0.9 1.3 0.8 3.9 2.8 3.7 0.2 0.1 0.1 0.1 0.1 0.1 0.2 0.1 0.1 0.1 0 0.8 0.3 0.7 12.5 0.7 0.1 0.5 0.2 0.3 1.1 0.3 0.1 0.1 0.1 0.1 0.2 0.2 0.4 0.1 0 0 0 0 0 0 0.1 0 0 0 0 0.1 0 0.1 0.1 0 0.2 0.7 0 0.4 0 0 1.8 0.9 0.5 0.5 0.4 0.3 0.7 0.4 0.5 0.6 0.5 0.8 0.7 1.4 0.2 0.1
ENSG00000007923 8 7.3 7.9 8.2 6.5 6.8 6.9 7.3 6.4 7.3 8.3 9 8 6.7 5.9 7.3 6.5 7.5 8.6 6.4 7.9 8.9 9 10.8 9.7 11.2 10.5 6.3 5.7 5.6 7.6 6.6 6 8.3 7.9 10.4 6.2 7 6.3 7.4 11.5 6.6 19.1 9.5 9.5 8.8 11 11.1 13.6 6 9.6 6.2 8.9 6.5 9.3 12.2 7.5 8.1 6 5.9 5.3 8.2 7.7 7.5 9.8 7.8 6.7 5.4 9.3 7.6 6.2 7.3 7.2 5.7 6.4 7.5 8.3 8.1 8.3 9.3 6.8 9.2 8.3 21.7 24.1 22.9 21.9 22.2 17.2 20.9 25.8 13 13.7 11.2 12 11.8 11.2 14 13.7 9.5 7.5 9.5 10 9.3 9 10.1 9.3
ENSG00000007933 0.4 1.5 0.6 0.9 0.8 2 2.5 2.7 5.5 3.6 0.2 0.5 1.1 1.4 0.9 1 1.8 0.2 0.2 1.7 1.4 1.4 0.2 0.2 0.2 0.4 0.4 0.4 2.6 0.7 0.1 0.6 0.4 0.6 0.9 0.7 1.4 0.4 1.2 0.5 0.2 0.1 0 0.1 0 0.1 0 0.1 0.1 0.4 0.2 1.3 0.3 0.8 0.1 0.1 0.2 0.4 0.2 0 0.2 0 0 0 0 0 0.1 0.4 0 0 0.1 0.1 0 0.1 0.1 0 0.1 0.1 0.1 0 0.6 0.1 0 0 0 0.1 0.1 0 0 0 0 0.1 0 0 0.1 0.1 0.1 0.1 0 1.8 1.3 1.4 1 1.1 1.4 0.4 0.7
ENSG00000007944 11.4 7.8 5.4 11.6 24.1 20.2 8.3 9.9 9.2 8.3 5.3 6.1 8.5 8.7 6.3 8.6 6.2 8.2 19.4 6.2 12.9 12.7 12.8 8.9 11.4 10.1 11.4 7 9.6 6.2 6.8 9.4 4.9 7.8 6.9 7.3 8 7.6 12.1 6.6 7.7 5.5 7.8 15.8 15.5 15.3 9.1 6.3 5.7 4.9 5.4 10.2 5.3 12.8 5.7 7.2 9.2 6.8 9.7 7.4 16 6 6 6.1 5.3 6 8.9 11.5 2.4 9.2 10.7 5.1 6.5 23.7 16.2 3.3 7.5 5.3 6.7 6 14.2 18 3.7 11.4 5.5 6.5 15.2 8 7.3 5.2 7.2 7.9 6.1 6.8 4.6 7.3 8.6 5.1 3.4 5 5.4 6.1 6.8 6.8 6.8 6.7 6.8
ENSG00000007952 0.1 0 0 0.1 0.1 0.1 0.1 0 0 0 0.1 0 0.1 0.1 0 0.1 0.1 0.1 0 0 0 0.1 0.1 0.1 0.1 0.1 0 0.1 0 0 0 0.1 0.1 0.1 0 0.1 0.2 0.2 0 0.1 0.1 0 0 0 0 0.1 0 0 0 0 0 0 0 0.1 0 0 0 0 0 0 0.3 0.1 0 0 0 0.1 0.3 0 0.1 0 0.2 0 0 0 0 0.2 0 0.1 0 0 0 0 0 0.2 0 0.2 0.2 0 0 0.5 0 0 0.1 0.1 0.1 0 0.2 0.3 0 0.1 0 0 0 0 0 0 0.1
ENSG00000008018 31.4 29.1 30.2 33.3 42.5 34.7 27 34.6 40.1 35.6 37.3 27.7 33 32.7 31.4 28.4 31 37.5 29 27.4 32.6 41.7 23.8 26.8 28.2 26.6 37.9 31.6 54.2 28.9 39.6 33.6 35.3 32.4 33.7 30.1 30.8 31.9 35 29.8 35.2 25.9 36.6 51.8 32.9 39.4 43.4 35.8 31.9 17.2 29.3 36.9 28.7 32.1 20.6 33 45.8 43.9 41.8 50.2 50.3 30.6 28.5 41.2 27.8 32.2 35.6 31.7 27 50.5 38.7 37.5 45.4 48.3 41.5 38.3 41 33.4 34 35.7 34 36.2 29.8 26 21.3 28.3 32.4 25.7 29.8 22.2 18.8 18.8 14.2 25.4 15.7 18.9 21.9 25.3 20.4 34.2 28.3 28.2 25.5 24 29 25.6 34.6
ENSG00000008056 459.9 145.8 177.6 264.2 11.4 8 42.8 91.9 23.1 8.6 471.9 151.5 343.7 30.8 194 143.4 159.1 191 200.4 93.8 25.3 480 226.8 514.9 477.4 470.3 583.1 402.1 226.3 91.6 731.4 130 166.2 403.9 331.3 381.1 88 335.2 61.4 423.7 51.7 30.2 114.4 11.9 18.3 15.3 41.7 75.6 91.9 35.3 42.7 40.5 41.3 12.2 30.8 67 1.4 3.3 0.5 30.7 0.6 43.8 43.7 23 51.9 56.6 11.5 6.4 42.1 15.1 19.4 21 27.2 1 6.6 32.8 31.9 41 26.9 37.8 10.1 16.6 26.2 412.6 142.8 328 250.8 392.2 31.1 201.1 326.6 627.1 512.5 498.4 246.8 644.7 193.3 492.8 187.2 126.3 135.3 170.7 180.7 164.4 88.6 131.8 99.4
ENSG00000008083 7.1 10.1 26.8 10 10.6 10.3 15.1 25.2 10 10.1 26.9 25 8.1 7.2 10.7 12 9.9 10.8 7.2 9 9.9 4.4 23.4 6.4 5.6 7.1 5.3 8 6.4 14.9 6.8 9.7 23.3 9.3 8.2 9.7 11.1 8.3 8.7 8.7 5.9 19.3 5.4 5.4 7.5 7.4 5.4 6.2 6.4 34 7.7 7.1 8.9 8.3 9.7 7.5 13.8 11.3 12.4 10.1 11.5 9.2 9.1 7.8 10.5 8.5 9.8 10.7 23.5 10.4 9.8 12.9 11.8 11 9.3 27.4 11.7 9.6 10 10.2 9.2 8.6 24.6 10.5 31.3 11.4 8.4 13.6 19.6 11 10.7 10.7 12.1 10 15.6 11.5 12.5 9.9 25.7 11.8 13.4 13.6 14.7 15.1 13.7 34.3 31.5
ENSG00000008086 20.9 2.2 0.8 1.6 0.4 1.7 2.8 0.8 0.7 1 9.5 0.5 2.5 0.8 2 2.8 2.2 4 2.4 3.6 4.5 0.9 0.5 1.9 2.6 2.6 1.5 3.2 0.4 1.9 5.3 4.7 1.1 6.2 5.3 1.8 8.2 13.3 6.6 3.4 3.1 1.2 1 1.1 1.8 4 1.9 5 2.8 1.5 2.2 1 2.9 3.6 5.7 2.8 2.4 2.1 3 7.1 3.3 9.5 15.8 6.2 13.5 11.6 9.1 4.1 2.2 6.1 7.4 5 4.6 2.3 3.1 2.2 4.5 3.7 2.8 2.1 3.5 2.1 1.6 7.3 1.2 7 4.7 4.7 6.9 8 7.9 5.6 3.6 8 9.4 8.1 12.9 5.6 2.8 13.6 20.5 18.9 15.2 20.7 18.2 3.7 1
ENSG00000008118 33.9 42.6 0.9 36.6 2 9.4 12.2 0.3 2 1 25.7 1.1 42.8 9.1 31 22.2 26.1 26.4 56.1 31.6 27.5 46.8 1.9 48.8 47.4 37.8 55.2 50.5 23.2 15.5 70.7 29.1 1.4 43.1 45.5 48 17.5 53.9 24.5 45 70.6 3.3 51.8 9.5 16 23.3 18.5 82.7 78.1 7.4 51.8 12.7 64.9 38.6 24.7 40.2 8.6 7.6 8.7 26.7 2.5 64.1 69.1 50.9 37.2 68.9 35.2 2.9 5.9 17.2 27 25.8 46.5 5.7 10.5 3.5 55.7 70.5 31.9 83 18.7 18.1 2.8 89.9 9 79.4 61.4 77 19.7 42.9 73 93.1 85.6 76.1 44.9 109.4 88.6 50.2 7.5 52.4 63.2 55.8 56.2 61.3 42.3 6.4 5.2
ENSG00000008130 8.3 11 12.1 9.9 12.4 11.8 11.4 14.6 20.8 18.5 9 11.1 10.4 12.8 8.3 9.1 8.5 8.9 12.3 10.3 13.3 13.9 9.4 11.8 9.6 8.9 10.2 5.7 10.6 5.8 8.6 8.8 8.2 8.2 6.6 7.9 7.4 7.9 7.5 6.5 13.4 6.9 20.6 14.5 11.7 11.7 10.3 9.5 8.5 3.5 9.8 6.8 8.9 7.4 7.1 9.8 11.2 11.4 9.5 7.4 9.9 7.9 8.2 7.7 8.2 8.9 9.7 8.4 8.2 8.7 6.8 7.9 9.5 9.5 7.6 6 7.7 8.3 9.8 8.7 8.6 11 6.1 9.8 9.3 8.7 11.5 9.9 14.4 8.5 8.8 5.9 6.4 6.5 6.8 6.2 9.1 7 6 10.3 8.8 10 11.2 11.2 11.2 12.1 11.5
ENSG00000008196 0 0 1.6 0 0 0 0 0.7 0 0.1 0 2.9 0 0 0 0 0 0 0 0 0 0 5.8 0 0 0 0 0 0 0 0 0 4.8 0 0 0 0 0 0 0 0 3.9 0 0 0 0 0 0 0 5.1 0 0.1 0.1 0.1 0 0.1 0 0 0.1 0 0 0.1 0 0 0 0 0 0.1 6 0 0 0 0 0 0 3 0 0 0 0 0 0 3.6 0.1 3.3 0 0 0.1 0 0 0.1 0.1 0.1 0 0 0.1 0 0 4.1 0 0 0 0 0 0.1 8.6 8
ENSG00000008197 0.7 0 0 0.2 0 0.1 0 0.1 0.2 0 0 0 0.6 0 0 0 0.1 0.1 0.1 0 0 0 0 0.6 0.2 0 0 0.3 0 0 0 0 0.1 0.1 0.2 0.1 0 0 0 0.2 0 0 0 0 0 0.1 0 0.1 0 0.2 0 0 0 0 0 0 0 0 0 0 0 0.2 0.2 0 0.1 0 0 0 0 0 0 0 0 0 0 0 0 0.3 0 0 0 0 0 0 0 0 0 0 0 0 0 0.1 0.3 0 0 0 0 0 0 0.3 0.4 0 0 0 0.8 0 0
ENSG00000008226 0.4 1.3 0.5 0.7 0.7 1 1.1 0.3 0.5 0.5 1.4 0.2 1.9 7.8 2.2 1.4 2.4 4.4 0.2 2.5 0.6 0.4 0.2 0.4 0.2 0.3 0.3 0.5 1 0.8 0.6 0.9 0.1 0.4 0.4 0.4 0.5 0.6 0.5 0.4 1.2 0.1 0.4 0.4 0.4 0.7 0.2 1.2 0.8 0.1 0.6 0.6 1.1 7 0.7 0.5 0.5 0.5 0.3 0.3 0.5 0.7 0.9 0.7 0.9 1.2 2 0.5 0.5 0.4 0.4 0.9 0.6 0.1 0.5 0.2 0.3 0.5 0.3 0.7 3.5 0.4 0.4 1.1 0.8 1.4 2 1 1.3 0.6 1.3 0.6 0.6 0.3 1.1 1.1 0.8 0.6 0.3 4.5 5.6 4.2 6.1 6 6.7 4.7 4
ENSG00000008256 15.1 19 15.6 17.7 7.8 15 23.4 16.6 36.6 38 16.5 18.5 20.2 14.1 18.2 22.3 18.3 12.6 15.9 19 18.8 15.7 20.4 23.4 18.6 25.4 18.5 14.5 10.5 19.6 15.1 15.7 16 13.7 14.9 15 17.7 13.1 10.7 15.4 24.2 27.7 25.6 11.8 10.7 18.4 19 26.7 27.9 34.7 29.9 28.6 24.9 18.4 37.5 27.6 14.6 23.7 18.6 21.3 23.1 23.4 19.6 15.5 24.3 20.9 16.8 8.7 23.4 10.3 14 18.4 15.8 8.8 9.1 18.8 17.1 20.7 26.4 21.4 13.8 15.3 16.4 16.1 35.5 16 15.3 16.7 12.7 20.8 18.3 18 17.8 14.4 19.9 18 13.2 16.5 30.2 15.7 18.8 16.1 19.1 17.5 11.8 15.2 16.5
ENSG00000008277 25.5 9.5 28 11.9 7.1 5.9 7.5 19.7 2.9 3 17.6 40 14.8 6.4 15 15.4 12.8 13.6 12.8 9 7.7 13.1 31 21.5 21.6 24.3 15.9 22.9 8 17.5 16.8 11.2 38.8 26 22 21.5 17.2 18.3 11.9 25.1 5 51.4 4.3 2.7 4.5 4.9 4.9 18.5 9 34.4 15 8 17.4 12.5 13.3 11.7 8.3 7.3 9.3 15 10 23.6 30.6 25.4 31.3 24.8 12.7 15.2 67.7 14.5 16.7 12.9 13.3 14.4 13 49.7 15.3 19.2 14.7 12.8 10 9.3 72.1 6.6 20.6 8 2.8 10.1 3.2 9.8 7.4 29.9 26.4 24.5 29.1 20 21.3 18.6 49.4 15.7 20.8 18.7 21.6 15.5 14.5 56.7 58.4
ENSG00000008282 25.8 20 11 17.5 35.5 32.4 22.1 18 39 36.5 19.3 8.3 12.8 24 9.3 14.9 11.4 22 21.1 13.7 22.5 30.8 17.4 12.9 15.7 14 22 17.3 41.7 18.4 7.7 30 11.8 11.6 12.8 13.9 20.7 10.4 31.5 15.8 16 11.6 3.3 19.2 33.8 27.7 7.1 10.8 7.1 4.4 11.3 21.1 17.5 24.1 7.1 11.2 71.5 43.6 54.7 21 42.5 9.5 16.6 26 15.1 14.1 13.1 56.9 9.9 49.3 32.3 17.3 16 56.1 35.1 9.8 34.3 20.1 28 10.5 38.7 38.9 11.8 8.6 4.9 6.8 18.7 10.6 21.8 9.5 3.3 8.1 8.2 10.9 8.6 7.8 16.5 9.8 3.3 10.6 10.1 13.7 12.1 11.8 16.7 8.9 9.3
ENSG00000008283 20.6 21.1 4.5 22 3.2 5.7 14.3 3.4 4.2 3.7 14.6 5.5 28.2 44.7 20.4 22.8 21.6 13.2 11.5 25.5 12.9 15.4 2.7 20.3 16.8 18.1 17.9 15.8 13.2 10.8 27.4 10.1 4.1 16.9 19.2 16.1 12.5 15.9 7.6 15.2 16 3 15.1 3.5 5.5 11.2 10.9 21.3 10.5 3.3 12.6 5.8 11.6 9.2 9.5 9.7 1.1 1.7 1.6 3.1 1.4 14.2 13.5 13.6 13.5 13.6 12.3 4.4 3.7 2.9 5.2 3.9 7.8 1.6 3.1 1.6 7.1 10.2 6 12.1 6.2 3.1 1.9 1.1 0.2 1.3 0.5 1.2 0.6 1 1.1 0.2 0.5 0.9 0.5 0.9 0.5 0.9 0.1 7.3 6.4 7.7 7 8.2 7.1 2 3.1
ENSG00000008294 39.9 25.9 26.7 31.4 56.1 34.7 25.1 25.9 33.3 38.1 31.5 28.2 25.2 24.9 23.9 28.7 25 40.1 25.9 22.3 28.1 23.3 26.8 21.9 27 25.3 20.1 35.7 21.9 35.8 24.8 37.1 31.1 32.9 28.4 28.6 30.5 29.3 38 34.7 24.8 40 34.1 40.6 54.9 51.7 45.7 22.6 37.5 32.7 28.5 39.1 32.6 47.1 39.3 48.3 69.5 60.5 58 22 78.7 31.8 40.6 38.7 34.8 35.8 46.3 99.9 41.6 87.7 69.7 58.3 37.4 95.7 75.3 42.4 45.1 41.5 48.1 34.5 69.8 79.2 47.1 17.3 20.5 18.3 19.9 19.5 25.2 22.6 18.4 27.3 25.4 29.7 26.6 20.7 29.3 20.8 22.5 17.9 20.4 18.1 19.4 19.1 19.8 19.6 24.3
ENSG00000008300 8.6 9.1 27.8 12.3 4.6 1.8 5.8 12.6 1.4 1.6 7.1 26.8 11.7 2.3 8.1 10.8 7.2 8.6 12.1 3 3.9 6.1 23.4 19.2 14 18.1 9.1 5.3 2.7 3.8 9.4 5.6 14.5 8.1 6.3 10.2 4.6 6.3 2.9 8 13.4 17.8 15.9 3.9 4.7 5.2 5.5 16.6 10.5 11.7 8.2 7.2 10.8 6.8 8.4 7.6 2.2 1.6 1.8 5.2 0.8 7.8 10.1 5.4 12.9 8.3 3.4 2.5 20.8 3.6 4.3 2.8 3.4 0.5 1.5 17.7 3.4 5.4 3.8 4 1.1 2.1 15.3 17.4 38.1 18.1 7.5 15.8 4.7 19.3 17.2 8.9 11.4 7.8 14.6 11.3 8.4 10.5 24.1 5.8 7.9 9.3 12.5 9.2 6.3 24.1 21.8
ENSG00000008311 6 6.5 4.1 7.5 12 9.7 6.7 5.9 7.4 6.8 9.2 1.9 4.4 9.8 3.8 5.1 4.2 13.9 4.1 3.4 5.7 5.3 2.9 2.1 3.2 2.1 2.1 6 3.8 7.9 4.1 10.6 4.1 6 4.4 5.6 9.9 9.4 16.4 5.8 2.5 1.2 2.2 3.3 6.1 5.5 1.5 1.3 3.1 0.6 0.8 2.8 2.3 5 1.4 1.9 13.8 13.6 12.9 3.8 10.7 2.5 4.1 3.4 4.1 5.3 5.5 8.8 2.3 14.1 9.2 9.5 5.3 4.4 11 2.8 6.7 4.8 7.1 3.5 15.8 13 4 4.6 2.9 3.8 4.4 4.2 12.7 2.8 3.6 2.8 2.8 2.6 3.3 2.7 5.8 3.2 3.1 3.9 3.1 3.3 2.9 3.6 5.4 3 2.1
ENSG00000008323 0 0.1 0 0.1 0.1 0 0.2 0.2 0.1 0.4 0.1 0.1 0.1 0.2 0 0.1 0.1 0.2 0.1 0.1 0.1 0.2 0.1 0.1 0 0 0.1 0 0.1 0.1 0 0 0 0 0 0 0.1 0.2 0.1 0 0.2 0 0 0.1 0.1 0.1 0 0 0.7 0 0 0 0.1 0.1 0.1 0 0.2 0.3 0 0.5 0.2 0 0 0.3 0.2 0.5 0.4 0 0.1 0.1 0.2 0 0.1 0 0.1 0.1 0.1 0 0 0.1 0 0 0 5.6 0 2.2 0.5 2.4 0.2 0.7 1.8 1.2 1 0.6 0.3 2 0.2 1 0 0.5 0.4 0.1 0.1 0.3 0.1 0.2 0
ENSG00000008394 9.7 24.1 17.2 15.5 22.4 37.5 18.1 22.3 21.1 41.3 19.9 15.6 25.5 26.3 35.3 20 37.1 33.5 11.1 43 28.2 18.2 4 5.6 7.3 1.9 8.2 17.4 10.8 15.8 14.6 29.2 13.4 14.5 18.6 17.5 12.8 22.1 39.5 13.3 0.6 0.2 1.4 1.8 0.5 1 0.7 0.3 0.6 0.1 0.3 0.4 0.3 0.4 0.3 0.2 1 1.4 1.9 0.6 1 0.8 0.8 0.3 0.3 0.6 0.8 0.4 0.2 0.7 1 1.5 1.4 0.9 0.8 0.7 0.7 0.7 0.6 1 2 0.7 0.2 2.6 3.4 1.7 4 1.5 7.4 0 0.9 0.7 0.3 0.8 0.3 1 0.5 1.8 0.2 2.9 2.4 3.9 1.8 2.3 7.8 1.9 1.9
ENSG00000008405 5.5 5.6 14.9 5.7 7.4 6.1 4.7 11.7 7.8 7.8 10.7 13.1 4.8 7.7 4.2 4.2 4.2 6.4 8 3.4 3.4 8 19.8 4.3 5.1 3.7 4.9 6.5 7.1 8.7 4.6 7.6 18 4.9 4.4 4.3 5.8 4.7 8.1 6 4 20.4 2.6 5 7 7.3 4.3 5 2.2 8.6 4.5 3.8 4.7 4.9 3.7 3.8 8.8 9.7 9.9 11.9 9.6 4.7 5.1 4.9 5.9 4.7 6 6.8 14.3 8.7 5.8 5.8 5.4 9.2 8.2 21 6.9 6.8 8.6 7 8.2 7.7 21.5 6.6 10.9 5 7.6 5.6 5.5 6.9 5.1 4.5 4.7 4.4 5 3.8 6.8 3.6 10.6 6.3 5.6 3.3 5.7 4.7 6 15.8 22
ENSG00000008438 1.5 2.8 6.8 3.9 1.6 2.3 3.6 10.5 7.8 20.1 1.3 6 5.6 1.9 1.6 6.5 2.1 1.1 2.2 2.7 4.1 1.5 9.4 3 1.8 2.7 1.7 1.4 1.1 4.1 3.4 2.6 4.5 2.2 1 1.4 1.2 1.7 0.8 0.8 2.8 1.9 0 1.8 1.2 0.9 0 4.2 0 1.4 0.8 0 3.9 1 0.5 0 2.7 3 2.6 6.1 0 4.1 4.8 5.6 9.2 3.6 4.2 0.9 7.8 1.4 2.4 1.9 0.3 0.4 0.5 1.8 0 0.8 0 0.5 0.9 0 4.1 0 0.7 0 0 0 0.8 0 0.9 3 4 2 4.9 5 3.9 2.8 8.6 3.1 2.7 8.2 4 5.2 6.2 11.4 4.3
ENSG00000008441 89.7 135 195.4 141 192 130.6 185.4 200 117.9 142.3 116.9 127.6 135.3 118 106.7 135.7 99.6 105.9 57.1 118.1 92.1 77.6 117.1 87.9 73.2 104.2 81.8 60.1 58.6 85.3 68 71.8 88.3 71.3 73.3 76.9 80.3 63.6 48.5 63.6 111.5 109.4 201.5 131.8 151.7 58.2 253.1 69.3 146.5 144.5 115.5 120.4 86 43.7 191.5 115.1 59.3 48.8 48.3 61.4 44.1 51.9 41.4 44.4 74.1 46.2 41 69.5 71.3 59.1 52.9 60.2 49.2 62.4 54.8 86 68.4 56.5 97.6 59.2 44.7 69.5 61.3 119.7 203.9 118.2 121.3 103.4 83.4 146.3 123.7 62.2 57.1 76.5 67.9 70.1 46.9 85.6 131.3 91.1 103.3 127.2 147.8 107 64.5 127.2 91.4
ENSG00000008513 6.5 8.7 4 5.4 3.5 7.5 9.4 6.7 12.6 13.8 11 3.8 7 16.1 7.6 7.3 8.9 7.8 4.2 8.6 6 9.6 5.2 8.2 8.6 8.2 9.6 6.3 5.1 6.4 7.4 7.2 3.9 5.5 5.3 6.8 6.4 7.9 4.7 5.1 11 1.5 4.8 3.3 3.2 2.8 4.2 9.3 7.5 1.5 10.7 9.1 10.1 8.3 11 5.3 8.1 12.6 8.3 12 12.2 7.3 9.5 9.1 7.1 9.4 2.3 2 1.1 3.6 4.7 7.9 6.1 2.3 3.1 2 6.5 7.3 7.6 7.4 3.6 2.7 0.9 10.4 3.7 6.8 6 8.5 5 5.3 7.9 7 6.8 8.3 3.5 9.1 1.1 2.7 0.9 8 6.9 8.9 6.1 7.7 8.3 2.5 1.8
ENSG00000008516 1.6 7 12.7 6 5.1 4.7 9.2 15.8 13.4 11.3 2.6 8.1 6.4 4.6 6.4 6.4 5.8 3.5 4.9 7.3 7.8 2.8 4.4 4.3 3.3 4.5 4.3 1 4.2 2.5 1.7 2.4 3.3 1.9 1 1.9 3.6 1.9 0.9 1.4 2.1 3.2 0 0.6 0.5 0.7 0.3 2.1 1.5 5.3 3.3 1.9 2.7 2.3 1.7 0.8 1.5 3.8 2.3 1.1 0.2 0.8 1.2 0.3 0.6 1.3 1 0.1 4.3 0.4 0.5 1.1 0.6 0.4 0.5 1.6 0.8 0.8 0.5 0.7 0.5 0.2 3.5 0.6 0 0.7 0.2 0 0.9 0 0 1.6 1.3 1.1 2.1 2.6 2.3 1.5 3.5 1.8 2.3 3.5 2.1 5.5 7.8 1.7 1.1
ENSG00000008735 78.4 84.8 121.8 80.1 31.9 31 62.5 103 26.1 32.4 78.8 107.4 117.3 51 98.5 94.1 88.3 89.5 64.4 113.8 61.8 65.6 80.3 89.8 77.3 89.8 91 67.8 38.2 55.1 110.4 42.2 87.3 68.9 82.8 68.4 53.9 64.9 26.3 60 246.8 137.6 394.2 121.9 197.5 67.9 214.5 128.9 186.5 110.4 128.7 150.9 99.5 34.5 115.1 198.2 20.1 28.3 18.7 51 9.6 90.3 73.1 86.6 81 71.4 54.6 25.7 85.5 54.7 67 71.5 104.9 26.3 77.1 105.9 82.2 94.1 83.1 124.3 35 72.9 71 94 94.4 99.4 95.9 88.1 34.4 78.7 114.7 76.1 68.4 86.5 62.3 81.5 42 90.5 67.2 92.8 74.2 97.3 92.7 77.5 60.8 85.9 73.1
